MEME version 4

ALPHABET= ACGT

strands: + -

Background letter frequencies
A 0.25 C 0.25 G 0.25 T 0.25

MOTIF 96_motif_1
letter-probability matrix: alength= 4 w= 16 nsites= 20 E= 0
0.188960 0.709130 0.033970 0.067941
0.000000 0.989384 0.000000 0.010616
0.002123 0.002123 0.000000 0.995754
0.004246 0.853503 0.000000 0.142251
0.057325 0.150743 0.014862 0.777070
0.053079 0.467091 0.000000 0.479830
0.000000 0.025478 0.000000 0.974522
0.000000 0.191083 0.000000 0.808917
0.454352 0.023355 0.000000 0.522293
0.348195 0.006369 0.008493 0.636943
0.000000 0.216561 0.000000 0.783439
0.002123 0.057325 0.033970 0.906582
0.099788 0.000000 0.074310 0.825902
0.242038 0.040340 0.348195 0.369427
0.571125 0.033970 0.040340 0.354565
0.070064 0.184713 0.029724 0.715499

MOTIF 96_motif_2
letter-probability matrix: alength= 4 w= 16 nsites= 20 E= 0
0.911864 0.037288 0.000000 0.050847
0.725424 0.091525 0.183051 0.000000
0.579661 0.000000 0.420339 0.000000
0.067797 0.000000 0.796610 0.135593
0.149153 0.010169 0.661017 0.179661
0.000000 0.020339 0.979661 0.000000
0.000000 0.000000 0.905085 0.094915
0.186441 0.006780 0.172881 0.633898
0.379661 0.000000 0.620339 0.000000
0.000000 0.000000 0.613559 0.386441
0.003390 0.000000 0.840678 0.155932
0.396610 0.410169 0.013559 0.179661
0.000000 0.000000 0.016949 0.983051
0.549153 0.098305 0.000000 0.352542
0.152542 0.000000 0.254237 0.593220
0.637288 0.166102 0.183051 0.013559

MOTIF 96_motif_3
letter-probability matrix: alength= 4 w= 16 nsites= 20 E= 0
0.004706 0.075294 0.317647 0.602353
0.000000 0.035294 0.021176 0.943529
0.021176 0.136471 0.724706 0.117647
0.000000 0.600000 0.105882 0.294118
0.124706 0.002353 0.407059 0.465882
0.000000 0.044706 0.185882 0.769412
0.032941 0.063529 0.317647 0.585882
0.000000 0.103529 0.002353 0.894118
0.000000 0.023529 0.007059 0.969412
0.000000 0.112941 0.025882 0.861176
0.077647 0.287059 0.068235 0.567059
0.061176 0.414118 0.477647 0.047059
0.000000 0.051765 0.174118 0.774118
0.000000 0.004706 0.000000 0.995294
0.007059 0.167059 0.105882 0.720000
0.000000 0.002353 0.098824 0.898824

MOTIF 20_motif_1
letter-probability matrix: alength= 4 w= 16 nsites= 20 E= 0
0.05000 0.00000 0.14375 0.80625
0.03125 0.02500 0.03750 0.90625
0.00000 0.00000 0.10000 0.90000
0.00000 0.04375 0.00000 0.95625
0.21250 0.01250 0.25625 0.51875
0.16250 0.31250 0.21875 0.30625
0.05625 0.18750 0.08125 0.67500
0.00625 0.08750 0.01250 0.89375
0.10625 0.35000 0.00000 0.54375
0.00000 0.81875 0.10000 0.08125
0.00000 0.48750 0.08125 0.43125
0.00000 0.23750 0.00000 0.76250
0.00000 0.60000 0.00000 0.40000
0.01250 0.00625 0.22500 0.75625
0.00000 0.37500 0.21250 0.41250
0.06250 0.01250 0.00000 0.92500

MOTIF 20_motif_2
letter-probability matrix: alength= 4 w= 16 nsites= 20 E= 0
1.000000 0.000000 0.000000 0.000000
0.000000 0.000000 0.000000 1.000000
0.338983 0.000000 0.661017 0.000000
0.322034 0.169492 0.203390 0.305085
0.203390 0.305085 0.000000 0.491525
0.186441 0.000000 0.000000 0.813559
0.000000 0.000000 0.000000 1.000000
0.627119 0.000000 0.000000 0.372881
1.000000 0.000000 0.000000 0.000000
0.000000 0.000000 0.000000 1.000000
0.016949 0.000000 0.000000 0.983051
1.000000 0.000000 0.000000 0.000000
0.000000 0.000000 0.000000 1.000000
1.000000 0.000000 0.000000 0.000000
0.338983 0.169492 0.355932 0.135593
0.169492 0.830508 0.000000 0.000000

MOTIF 20_motif_3
letter-probability matrix: alength= 4 w= 16 nsites= 20 E= 0
0.972222 0.000000 0.000000 0.027778
0.125000 0.000000 0.208333 0.666667
0.305556 0.000000 0.000000 0.694444
0.583333 0.305556 0.111111 0.000000
0.041667 0.958333 0.000000 0.000000
0.777778 0.000000 0.000000 0.222222
0.861111 0.000000 0.000000 0.138889
0.166667 0.222222 0.277778 0.333333
0.375000 0.513889 0.000000 0.111111
0.000000 1.000000 0.000000 0.000000
0.708333 0.152778 0.000000 0.138889
0.263889 0.458333 0.000000 0.277778
0.000000 0.138889 0.680556 0.180556
0.000000 1.000000 0.000000 0.000000
0.777778 0.111111 0.000000 0.111111
0.861111 0.138889 0.000000 0.000000

MOTIF 26_motif_1
letter-probability matrix: alength= 4 w= 16 nsites= 20 E= 0
0.011364 0.000000 0.170455 0.818182
0.028409 0.022727 0.056818 0.892045
0.000000 0.000000 0.096591 0.903409
0.000000 0.068182 0.000000 0.931818
0.244318 0.022727 0.289773 0.443182
0.147727 0.261364 0.198864 0.392045
0.051136 0.232955 0.085227 0.630682
0.011364 0.090909 0.022727 0.875000
0.119318 0.363636 0.000000 0.517045
0.000000 0.948864 0.039773 0.011364
0.000000 0.664773 0.017045 0.318182
0.000000 0.187500 0.000000 0.812500
0.000000 0.653409 0.000000 0.346591
0.045455 0.011364 0.113636 0.829545
0.000000 0.465909 0.250000 0.284091
0.000000 0.000000 0.000000 1.000000

MOTIF 26_motif_2
letter-probability matrix: alength= 4 w= 16 nsites= 20 E= 0
0.886179 0.000000 0.000000 0.113821
0.097561 0.000000 0.000000 0.902439
0.455285 0.000000 0.544715 0.000000
0.268293 0.406504 0.113821 0.211382
0.146341 0.227642 0.000000 0.626016
0.154472 0.000000 0.000000 0.845528
0.016260 0.000000 0.000000 0.983740
0.658537 0.000000 0.065041 0.276423
1.000000 0.000000 0.000000 0.000000
0.000000 0.000000 0.000000 1.000000
0.235772 0.016260 0.000000 0.747967
0.886179 0.000000 0.048780 0.065041
0.016260 0.000000 0.000000 0.983740
1.000000 0.000000 0.000000 0.000000
0.357724 0.390244 0.138211 0.113821
0.146341 0.853659 0.000000 0.000000

MOTIF 26_motif_3
letter-probability matrix: alength= 4 w= 16 nsites= 20 E= 0
0.636364 0.151515 0.020202 0.191919
0.797980 0.000000 0.000000 0.202020
1.000000 0.000000 0.000000 0.000000
0.343434 0.000000 0.656566 0.000000
0.333333 0.323232 0.343434 0.000000
0.313131 0.000000 0.686869 0.000000
0.585859 0.000000 0.414141 0.000000
0.000000 0.000000 0.939394 0.060606
0.191919 0.000000 0.161616 0.646465
0.000000 0.010101 0.989899 0.000000
0.030303 0.000000 0.767677 0.202020
0.000000 0.000000 0.505051 0.494949
0.565657 0.000000 0.000000 0.434343
0.212121 0.020202 0.000000 0.767677
0.272727 0.414141 0.000000 0.313131
0.070707 0.000000 0.020202 0.909091

MOTIF 93_motif_1
letter-probability matrix: alength= 4 w= 15 nsites= 20 E= 0
0.186765 0.713235 0.005882 0.094118
0.000000 0.964706 0.000000 0.035294
0.001471 0.011765 0.007353 0.979412
0.000000 0.932353 0.000000 0.067647
0.039706 0.408824 0.011765 0.539706
0.066176 0.457353 0.001471 0.475000
0.008824 0.033824 0.000000 0.957353
0.085294 0.194118 0.000000 0.720588
0.469118 0.032353 0.014706 0.483824
0.277941 0.108824 0.002941 0.610294
0.007353 0.177941 0.008824 0.805882
0.033824 0.030882 0.172059 0.763235
0.201471 0.000000 0.067647 0.730882
0.241176 0.002941 0.272059 0.483824
0.402941 0.047059 0.026471 0.523529

MOTIF 93_motif_2
letter-probability matrix: alength= 4 w= 15 nsites= 20 E= 0
0.065693 0.000000 0.000000 0.934307
0.386861 0.004866 0.608273 0.000000
0.282238 0.214112 0.189781 0.313869
0.148418 0.209246 0.000000 0.642336
0.155718 0.026764 0.109489 0.708029
0.080292 0.000000 0.000000 0.919708
0.596107 0.000000 0.004866 0.399027
1.000000 0.000000 0.000000 0.000000
0.000000 0.000000 0.000000 1.000000
0.000000 0.012165 0.000000 0.987835
0.798054 0.109489 0.065693 0.026764
0.000000 0.000000 0.000000 1.000000
0.866180 0.000000 0.000000 0.133820
0.236010 0.260341 0.372263 0.131387
0.167883 0.827251 0.000000 0.004866

MOTIF 93_motif_3
letter-probability matrix: alength= 4 w= 15 nsites= 20 E= 0
0.017167 0.068670 0.025751 0.888412
0.712446 0.072961 0.201717 0.012876
0.759657 0.017167 0.017167 0.206009
0.579399 0.000000 0.278970 0.141631
0.274678 0.004292 0.721030 0.000000
0.081545 0.000000 0.918455 0.000000
0.025751 0.008584 0.716738 0.248927
0.021459 0.021459 0.957082 0.000000
0.000000 0.000000 1.000000 0.000000
0.364807 0.008584 0.206009 0.420601
0.094421 0.000000 0.905579 0.000000
0.008584 0.115880 0.635193 0.240343
0.004292 0.000000 0.935622 0.060086
0.326180 0.253219 0.055794 0.364807
0.000000 0.000000 0.017167 0.982833

MOTIF 56_motif_1
letter-probability matrix: alength= 4 w= 16 nsites= 20 E= 0
0.136161 0.392857 0.000000 0.470982
0.058036 0.571429 0.000000 0.370536
0.075893 0.712054 0.000000 0.212054
0.093750 0.676339 0.004464 0.225446
0.000000 0.991071 0.000000 0.008929
0.218750 0.205357 0.055804 0.520089
0.000000 0.790179 0.000000 0.209821
0.000000 0.131696 0.000000 0.868304
0.037946 0.863839 0.000000 0.098214
0.011161 0.000000 0.000000 0.988839
0.008929 0.000000 0.000000 0.991071
0.406250 0.004464 0.075893 0.513393
0.627232 0.004464 0.015625 0.352679
0.299107 0.252232 0.000000 0.448661
0.301339 0.140625 0.000000 0.558036
0.131696 0.013393 0.000000 0.854911

MOTIF 56_motif_2
letter-probability matrix: alength= 4 w= 16 nsites= 20 E= 0
1.000000 0.000000 0.000000 0.000000
0.000000 0.000000 0.000000 1.000000
0.232759 0.000000 0.767241 0.000000
0.461207 0.375000 0.163793 0.000000
0.030172 0.293103 0.000000 0.676724
0.250000 0.000000 0.000000 0.750000
0.000000 0.000000 0.000000 1.000000
0.965517 0.000000 0.000000 0.034483
1.000000 0.000000 0.000000 0.000000
0.000000 0.000000 0.000000 1.000000
0.258621 0.012931 0.000000 0.728448
0.844828 0.056034 0.060345 0.038793
0.008621 0.000000 0.000000 0.991379
1.000000 0.000000 0.000000 0.000000
0.336207 0.357759 0.150862 0.155172
0.193966 0.784483 0.000000 0.021552

MOTIF 56_motif_3
letter-probability matrix: alength= 4 w= 16 nsites= 20 E= 0
0.645570 0.240506 0.000000 0.113924
0.443038 0.556962 0.000000 0.000000
0.515823 0.474684 0.000000 0.009494
0.556962 0.186709 0.047468 0.208861
0.962025 0.028481 0.009494 0.000000
0.724684 0.180380 0.031646 0.063291
0.449367 0.300633 0.132911 0.117089
0.348101 0.547468 0.006329 0.098101
1.000000 0.000000 0.000000 0.000000
0.563291 0.310127 0.113924 0.012658
0.202532 0.000000 0.781646 0.015823
0.000000 0.803797 0.025316 0.170886
0.987342 0.012658 0.000000 0.000000
0.838608 0.139241 0.000000 0.022152
0.939873 0.034810 0.025316 0.000000
0.610759 0.259494 0.129747 0.000000

MOTIF 98_motif_1
letter-probability matrix: alength= 4 w= 16 nsites= 20 E= 0
0.160839 0.716783 0.054196 0.068182
0.000000 0.973776 0.000000 0.026224
0.001748 0.001748 0.006993 0.989510
0.003497 0.853147 0.000000 0.143357
0.048951 0.244755 0.013986 0.692308
0.064685 0.493007 0.000000 0.442308
0.000000 0.024476 0.000000 0.975524
0.003497 0.232517 0.000000 0.763986
0.447552 0.019231 0.000000 0.533217
0.309441 0.010490 0.006993 0.673077
0.008741 0.197552 0.000000 0.793706
0.012238 0.059441 0.087413 0.840909
0.173077 0.000000 0.082168 0.744755
0.220280 0.034965 0.304196 0.440559
0.494755 0.045455 0.038462 0.421329
0.160839 0.178322 0.027972 0.632867

MOTIF 98_motif_2
letter-probability matrix: alength= 4 w= 15 nsites= 20 E= 0
0.004484 0.058296 0.089686 0.847534
0.775785 0.067265 0.152466 0.004484
0.820628 0.017937 0.004484 0.156951
0.614350 0.004484 0.286996 0.094170
0.269058 0.000000 0.730942 0.000000
0.080717 0.000000 0.919283 0.000000
0.089686 0.004484 0.650224 0.255605
0.004484 0.017937 0.977578 0.000000
0.000000 0.000000 1.000000 0.000000
0.309417 0.008969 0.215247 0.466368
0.049327 0.000000 0.950673 0.000000
0.031390 0.089686 0.672646 0.206278
0.013453 0.000000 0.928251 0.058296
0.336323 0.246637 0.080717 0.336323
0.000000 0.000000 0.031390 0.968610

MOTIF 98_motif_3
letter-probability matrix: alength= 4 w= 16 nsites= 20 E= 0
0.005391 0.067385 0.336927 0.590296
0.000000 0.040431 0.026954 0.932615
0.010782 0.148248 0.776280 0.064690
0.000000 0.584906 0.129380 0.285714
0.137466 0.000000 0.420485 0.442049
0.000000 0.059299 0.199461 0.741240
0.037736 0.021563 0.299191 0.641509
0.000000 0.107817 0.000000 0.892183
0.000000 0.018868 0.008086 0.973046
0.000000 0.059299 0.029650 0.911051
0.083558 0.261456 0.016173 0.638814
0.051213 0.398922 0.506739 0.043127
0.000000 0.037736 0.188679 0.773585
0.000000 0.005391 0.000000 0.994609
0.008086 0.180593 0.064690 0.746631
0.000000 0.002695 0.107817 0.889488

MOTIF 6_motif_1
letter-probability matrix: alength= 4 w= 15 nsites= 20 E= 0
0.446809 0.553191 0.000000 0.000000
0.851064 0.042553 0.106383 0.000000
0.063830 0.872340 0.000000 0.063830
0.765957 0.170213 0.063830 0.000000
0.659574 0.191489 0.106383 0.042553
0.659574 0.085106 0.106383 0.148936
0.829787 0.170213 0.000000 0.000000
0.680851 0.000000 0.255319 0.063830
0.382979 0.000000 0.617021 0.000000
0.510638 0.425532 0.063830 0.000000
0.787234 0.212766 0.000000 0.000000
0.851064 0.148936 0.000000 0.000000
0.276596 0.638298 0.085106 0.000000
0.680851 0.042553 0.276596 0.000000
0.170213 0.829787 0.000000 0.000000

MOTIF 6_motif_2
letter-probability matrix: alength= 4 w= 15 nsites= 20 E= 0
0.000000 0.000000 0.090909 0.909091
0.000000 0.000000 0.227273 0.772727
0.863636 0.000000 0.000000 0.136364
0.000000 0.954545 0.045455 0.000000
0.863636 0.000000 0.136364 0.000000
0.090909 0.681818 0.090909 0.136364
0.000000 0.000000 0.000000 1.000000
0.272727 0.000000 0.090909 0.636364
0.000000 0.181818 0.000000 0.818182
0.000000 0.000000 0.000000 1.000000
0.863636 0.000000 0.000000 0.136364
0.000000 0.000000 1.000000 0.000000
0.090909 0.000000 0.000000 0.909091
0.500000 0.090909 0.000000 0.409091
0.818182 0.045455 0.045455 0.090909

MOTIF 6_motif_3
letter-probability matrix: alength= 4 w= 15 nsites= 20 E= 0
0.318182 0.681818 0.000000 0.000000
0.954545 0.045455 0.000000 0.000000
0.818182 0.090909 0.000000 0.090909
0.454545 0.454545 0.045455 0.045455
0.272727 0.000000 0.727273 0.000000
0.045455 0.772727 0.090909 0.090909
1.000000 0.000000 0.000000 0.000000
0.045455 0.818182 0.136364 0.000000
0.363636 0.454545 0.181818 0.000000
0.272727 0.727273 0.000000 0.000000
0.363636 0.363636 0.272727 0.000000
0.000000 1.000000 0.000000 0.000000
0.545455 0.136364 0.272727 0.045455
0.090909 0.863636 0.000000 0.045455
0.818182 0.000000 0.000000 0.181818

MOTIF 5_motif_1
letter-probability matrix: alength= 4 w= 16 nsites= 20 E= 0
0.538462 0.256410 0.051282 0.153846
0.538462 0.461538 0.000000 0.000000
0.897436 0.000000 0.102564 0.000000
0.076923 0.923077 0.000000 0.000000
0.820513 0.179487 0.000000 0.000000
0.435897 0.461538 0.102564 0.000000
0.923077 0.025641 0.000000 0.051282
0.769231 0.025641 0.205128 0.000000
0.615385 0.000000 0.205128 0.179487
0.307692 0.076923 0.615385 0.000000
0.641026 0.230769 0.128205 0.000000
0.897436 0.102564 0.000000 0.000000
0.641026 0.333333 0.000000 0.025641
0.487179 0.461538 0.051282 0.000000
0.717949 0.025641 0.256410 0.000000
0.128205 0.846154 0.000000 0.025641

MOTIF 5_motif_2
letter-probability matrix: alength= 4 w= 16 nsites= 20 E= 0
0.575758 0.060606 0.242424 0.121212
0.000000 0.000000 0.090909 0.909091
0.000000 0.666667 0.000000 0.333333
0.878788 0.121212 0.000000 0.000000
0.575758 0.212121 0.000000 0.212121
0.000000 0.666667 0.000000 0.333333
1.000000 0.000000 0.000000 0.000000
0.575758 0.000000 0.000000 0.424242
0.151515 0.030303 0.151515 0.666667
0.212121 0.787879 0.000000 0.000000
1.000000 0.000000 0.000000 0.000000
0.939394 0.000000 0.060606 0.000000
0.454545 0.545455 0.000000 0.000000
0.757576 0.090909 0.121212 0.030303
0.545455 0.151515 0.212121 0.090909
0.909091 0.060606 0.000000 0.030303

MOTIF 5_motif_3
letter-probability matrix: alength= 4 w= 16 nsites= 20 E= 0
0.722222 0.000000 0.055556 0.222222
0.444444 0.166667 0.000000 0.388889
0.111111 0.611111 0.166667 0.111111
0.000000 0.111111 0.000000 0.888889
0.000000 0.000000 0.166667 0.833333
1.000000 0.000000 0.000000 0.000000
0.000000 1.000000 0.000000 0.000000
0.666667 0.000000 0.333333 0.000000
0.000000 0.944444 0.000000 0.055556
0.000000 0.166667 0.000000 0.833333
0.277778 0.000000 0.000000 0.722222
0.000000 0.222222 0.000000 0.777778
0.000000 0.000000 0.000000 1.000000
0.666667 0.000000 0.000000 0.333333
0.000000 0.000000 1.000000 0.000000
0.055556 0.000000 0.000000 0.944444

MOTIF 52_motif_1
letter-probability matrix: alength= 4 w= 16 nsites= 20 E= 0
0.132212 0.408654 0.000000 0.459135
0.057692 0.557692 0.000000 0.384615
0.076923 0.721154 0.000000 0.201923
0.096154 0.687500 0.004808 0.211538
0.000000 0.990385 0.000000 0.009615
0.209135 0.206731 0.060096 0.524038
0.000000 0.788462 0.000000 0.211538
0.000000 0.129808 0.000000 0.870192
0.033654 0.882212 0.000000 0.084135
0.012019 0.000000 0.000000 0.987981
0.009615 0.000000 0.000000 0.990385
0.406250 0.004808 0.074519 0.514423
0.644231 0.007212 0.009615 0.338942
0.300481 0.259615 0.000000 0.439904
0.305288 0.146635 0.000000 0.548077
0.132212 0.012019 0.000000 0.855769

MOTIF 52_motif_2
letter-probability matrix: alength= 4 w= 16 nsites= 20 E= 0
1.000000 0.000000 0.000000 0.000000
0.000000 0.000000 0.000000 1.000000
0.349442 0.000000 0.650558 0.000000
0.412639 0.308550 0.133829 0.144981
0.182156 0.252788 0.000000 0.565056
0.237918 0.000000 0.000000 0.762082
0.000000 0.000000 0.000000 1.000000
0.814126 0.000000 0.000000 0.185874
1.000000 0.000000 0.000000 0.000000
0.000000 0.000000 0.000000 1.000000
0.245353 0.011152 0.000000 0.743494
0.851301 0.048327 0.066914 0.033457
0.014870 0.000000 0.000000 0.985130
1.000000 0.000000 0.000000 0.000000
0.446097 0.286245 0.130112 0.137546
0.174721 0.799257 0.000000 0.026022

MOTIF 52_motif_3
letter-probability matrix: alength= 4 w= 16 nsites= 20 E= 0
1.000000 0.000000 0.000000 0.000000
0.522293 0.477707 0.000000 0.000000
0.964968 0.000000 0.035032 0.000000
0.691083 0.308917 0.000000 0.000000
0.015924 0.363057 0.464968 0.156051
0.350318 0.509554 0.140127 0.000000
0.977707 0.000000 0.022293 0.000000
1.000000 0.000000 0.000000 0.000000
0.487261 0.095541 0.394904 0.022293
0.372611 0.407643 0.015924 0.203822
0.535032 0.009554 0.191083 0.264331
0.824841 0.015924 0.143312 0.015924
0.522293 0.159236 0.232484 0.085987
0.697452 0.254777 0.047771 0.000000
1.000000 0.000000 0.000000 0.000000
0.589172 0.410828 0.000000 0.000000

MOTIF 12_motif_1
letter-probability matrix: alength= 4 w= 16 nsites= 20 E= 0
0.105882 0.000000 0.141176 0.752941
0.176471 0.082353 0.623529 0.117647
0.047059 0.529412 0.141176 0.282353
0.023529 0.094118 0.623529 0.258824
0.058824 0.188235 0.388235 0.364706
0.000000 0.211765 0.305882 0.482353
0.000000 0.105882 0.200000 0.694118
0.000000 0.105882 0.058824 0.835294
0.000000 0.117647 0.023529 0.858824
0.000000 0.388235 0.105882 0.505882
0.035294 0.341176 0.094118 0.529412
0.000000 0.082353 0.117647 0.800000
0.011765 0.000000 0.000000 0.988235
0.141176 0.011765 0.423529 0.423529
0.011765 0.000000 0.082353 0.905882
0.000000 0.011765 0.752941 0.235294

MOTIF 12_motif_2
letter-probability matrix: alength= 4 w= 16 nsites= 20 E= 0
0.225806 0.419355 0.258065 0.096774
0.000000 0.000000 0.096774 0.903226
0.000000 0.000000 0.258065 0.741935
0.838710 0.000000 0.000000 0.161290
0.000000 1.000000 0.000000 0.000000
0.870968 0.000000 0.129032 0.000000
0.225806 0.548387 0.129032 0.096774
0.000000 0.161290 0.000000 0.838710
0.258065 0.000000 0.161290 0.580645
0.000000 0.322581 0.000000 0.677419
0.096774 0.032258 0.000000 0.870968
0.806452 0.000000 0.000000 0.193548
0.000000 0.000000 1.000000 0.000000
0.129032 0.161290 0.000000 0.709677
0.580645 0.064516 0.000000 0.354839
0.870968 0.064516 0.032258 0.032258

MOTIF 12_motif_3
letter-probability matrix: alength= 4 w= 16 nsites= 20 E= 0
0.903226 0.096774 0.000000 0.000000
0.935484 0.000000 0.000000 0.064516
0.709677 0.000000 0.129032 0.161290
0.161290 0.000000 0.387097 0.451613
0.258065 0.000000 0.225806 0.516129
0.161290 0.548387 0.290323 0.000000
1.000000 0.000000 0.000000 0.000000
0.935484 0.000000 0.064516 0.000000
0.451613 0.225806 0.322581 0.000000
0.032258 0.096774 0.064516 0.806452
0.580645 0.419355 0.000000 0.000000
0.935484 0.000000 0.000000 0.064516
0.870968 0.129032 0.000000 0.000000
0.677419 0.322581 0.000000 0.000000
0.806452 0.064516 0.129032 0.000000
0.967742 0.000000 0.000000 0.032258

MOTIF 55_motif_1
letter-probability matrix: alength= 4 w= 16 nsites= 20 E= 0
0.130137 0.394977 0.000000 0.474886
0.059361 0.568493 0.000000 0.372146
0.075342 0.710046 0.000000 0.214612
0.093607 0.678082 0.004566 0.223744
0.000000 0.990868 0.000000 0.009132
0.210046 0.203196 0.057078 0.529680
0.000000 0.785388 0.000000 0.214612
0.000000 0.134703 0.000000 0.865297
0.043379 0.860731 0.000000 0.095890
0.011416 0.000000 0.000000 0.988584
0.009132 0.000000 0.000000 0.990868
0.413242 0.004566 0.075342 0.506849
0.627854 0.006849 0.009132 0.356164
0.294521 0.251142 0.000000 0.454338
0.299087 0.141553 0.000000 0.559361
0.132420 0.013699 0.000000 0.853881

MOTIF 55_motif_2
letter-probability matrix: alength= 4 w= 16 nsites= 20 E= 0
0.774752 0.000000 0.096535 0.128713
0.000000 0.000000 0.032178 0.967822
0.331683 0.000000 0.668317 0.000000
0.257426 0.113861 0.195545 0.433168
0.148515 0.272277 0.000000 0.579208
0.366337 0.000000 0.094059 0.539604
0.000000 0.136139 0.000000 0.863861
0.648515 0.000000 0.000000 0.351485
1.000000 0.000000 0.000000 0.000000
0.000000 0.000000 0.000000 1.000000
0.044554 0.116337 0.000000 0.839109
0.584158 0.349010 0.039604 0.027228
0.091584 0.000000 0.000000 0.908416
0.905941 0.000000 0.000000 0.094059
0.247525 0.180693 0.485149 0.086634
0.222772 0.777228 0.000000 0.000000

MOTIF 55_motif_3
letter-probability matrix: alength= 4 w= 16 nsites= 20 E= 0
0.633117 0.243506 0.000000 0.123377
0.444805 0.555195 0.000000 0.000000
0.519481 0.477273 0.000000 0.003247
0.551948 0.191558 0.048701 0.207792
0.957792 0.032468 0.009740 0.000000
0.724026 0.178571 0.032468 0.064935
0.435065 0.314935 0.133117 0.116883
0.340909 0.564935 0.006494 0.087662
1.000000 0.000000 0.000000 0.000000
0.564935 0.308442 0.113636 0.012987
0.207792 0.000000 0.766234 0.025974
0.000000 0.811688 0.016234 0.172078
0.987013 0.012987 0.000000 0.000000
0.847403 0.136364 0.000000 0.016234
0.938312 0.035714 0.025974 0.000000
0.607143 0.259740 0.133117 0.000000

MOTIF 76_motif_1
letter-probability matrix: alength= 4 w= 16 nsites= 20 E= 0
0.107438 0.042975 0.014876 0.834711
0.117355 0.024793 0.067769 0.790083
0.213223 0.029752 0.000000 0.757025
0.001653 0.000000 0.000000 0.998347
0.464463 0.049587 0.092562 0.393388
0.165289 0.157025 0.209917 0.467769
0.074380 0.358678 0.052893 0.514050
0.191736 0.074380 0.014876 0.719008
0.165289 0.527273 0.000000 0.307438
0.054545 0.912397 0.000000 0.033058
0.021488 0.821488 0.000000 0.157025
0.084298 0.267769 0.021488 0.626446
0.000000 0.894215 0.000000 0.105785
0.152066 0.176860 0.051240 0.619835
0.000000 0.528926 0.004959 0.466116
0.003306 0.003306 0.000000 0.993388

MOTIF 76_motif_2
letter-probability matrix: alength= 4 w= 16 nsites= 20 E= 0
0.891892 0.000000 0.000000 0.108108
0.072072 0.000000 0.000000 0.927928
0.417417 0.000000 0.582583 0.000000
0.345345 0.363363 0.126126 0.165165
0.144144 0.231231 0.000000 0.624625
0.192192 0.003003 0.000000 0.804805
0.021021 0.000000 0.000000 0.978979
0.732733 0.000000 0.000000 0.267267
1.000000 0.000000 0.000000 0.000000
0.000000 0.000000 0.000000 1.000000
0.183183 0.015015 0.000000 0.801802
0.861862 0.036036 0.075075 0.027027
0.000000 0.000000 0.000000 1.000000
1.000000 0.000000 0.000000 0.000000
0.360360 0.372372 0.141141 0.126126
0.171171 0.822823 0.000000 0.006006

MOTIF 76_motif_3
letter-probability matrix: alength= 4 w= 16 nsites= 20 E= 0
0.669355 0.330645 0.000000 0.000000
0.540323 0.293011 0.000000 0.166667
0.973118 0.000000 0.026882 0.000000
0.688172 0.142473 0.000000 0.169355
0.163978 0.400538 0.129032 0.306452
0.301075 0.693548 0.005376 0.000000
0.994624 0.005376 0.000000 0.000000
0.776882 0.223118 0.000000 0.000000
0.220430 0.000000 0.763441 0.016129
0.000000 0.763441 0.000000 0.236559
0.653226 0.016129 0.094086 0.236559
0.935484 0.000000 0.064516 0.000000
0.682796 0.115591 0.000000 0.201613
0.626344 0.368280 0.000000 0.005376
0.766129 0.000000 0.112903 0.120968
0.682796 0.311828 0.005376 0.000000

MOTIF 25_motif_1
letter-probability matrix: alength= 4 w= 16 nsites= 20 E= 0
0.177778 0.811111 0.000000 0.011111
0.044444 0.944444 0.000000 0.011111
0.005556 0.300000 0.000000 0.694444
0.000000 1.000000 0.000000 0.000000
0.088889 0.133333 0.150000 0.627778
0.011111 0.605556 0.061111 0.322222
0.000000 0.005556 0.044444 0.950000
0.000000 0.166667 0.100000 0.733333
0.300000 0.011111 0.066667 0.622222
0.533333 0.000000 0.000000 0.466667
0.083333 0.183333 0.000000 0.733333
0.238889 0.166667 0.000000 0.594444
0.000000 0.088889 0.000000 0.911111
0.294444 0.255556 0.338889 0.111111
0.661111 0.061111 0.000000 0.277778
0.000000 0.261111 0.027778 0.711111

MOTIF 25_motif_2
letter-probability matrix: alength= 4 w= 16 nsites= 20 E= 0
0.006623 0.158940 0.417219 0.417219
0.000000 0.039735 0.026490 0.933775
0.052980 0.198675 0.649007 0.099338
0.000000 0.562914 0.105960 0.331126
0.092715 0.006623 0.278146 0.622517
0.000000 0.006623 0.125828 0.867550
0.086093 0.026490 0.311258 0.576159
0.000000 0.105960 0.000000 0.894040
0.000000 0.000000 0.006623 0.993377
0.000000 0.013245 0.019868 0.966887
0.099338 0.125828 0.046358 0.728477
0.019868 0.364238 0.562914 0.052980
0.000000 0.000000 0.152318 0.847682
0.019868 0.000000 0.000000 0.980132
0.000000 0.178808 0.059603 0.761589
0.000000 0.092715 0.105960 0.801325

MOTIF 25_motif_3
letter-probability matrix: alength= 4 w= 15 nsites= 20 E= 0
0.000000 0.000000 0.813187 0.186813
0.000000 0.769231 0.208791 0.021978
0.285714 0.087912 0.000000 0.626374
0.626374 0.000000 0.120879 0.252747
0.000000 0.000000 0.692308 0.307692
0.813187 0.000000 0.186813 0.000000
1.000000 0.000000 0.000000 0.000000
0.000000 0.000000 0.000000 1.000000
0.516484 0.000000 0.000000 0.483516
0.835165 0.000000 0.164835 0.000000
0.395604 0.164835 0.000000 0.439560
0.692308 0.000000 0.285714 0.021978
0.747253 0.087912 0.164835 0.000000
0.000000 0.758242 0.000000 0.241758
1.000000 0.000000 0.000000 0.000000

MOTIF 15_motif_1
letter-probability matrix: alength= 4 w= 16 nsites= 20 E= 0
0.083333 0.091667 0.141667 0.683333
0.066667 0.008333 0.050000 0.875000
0.000000 0.008333 0.283333 0.708333
0.000000 0.158333 0.050000 0.791667
0.141667 0.000000 0.450000 0.408333
0.216667 0.241667 0.108333 0.433333
0.075000 0.258333 0.091667 0.575000
0.008333 0.150000 0.075000 0.766667
0.008333 0.350000 0.000000 0.641667
0.000000 0.800000 0.108333 0.091667
0.000000 0.516667 0.025000 0.458333
0.000000 0.300000 0.000000 0.700000
0.008333 0.408333 0.000000 0.583333
0.050000 0.066667 0.000000 0.883333
0.016667 0.241667 0.366667 0.375000
0.058333 0.008333 0.000000 0.933333

MOTIF 15_motif_2
letter-probability matrix: alength= 4 w= 16 nsites= 20 E= 0
0.000000 0.000000 0.000000 1.000000
0.857143 0.000000 0.000000 0.142857
0.000000 0.000000 0.000000 1.000000
1.000000 0.000000 0.000000 0.000000
0.734694 0.081633 0.000000 0.183673
0.000000 0.000000 0.224490 0.775510
0.469388 0.061224 0.000000 0.469388
0.979592 0.000000 0.000000 0.020408
0.836735 0.000000 0.000000 0.163265
0.693878 0.000000 0.163265 0.142857
0.204082 0.285714 0.204082 0.306122
0.081633 0.510204 0.000000 0.408163
0.612245 0.000000 0.387755 0.000000
0.000000 0.000000 0.000000 1.000000
0.734694 0.265306 0.000000 0.000000
0.755102 0.142857 0.102041 0.000000

MOTIF 15_motif_3
letter-probability matrix: alength= 4 w= 15 nsites= 20 E= 0
0.00 0.22 0.54 0.24
0.00 0.18 0.22 0.60
0.00 0.02 0.24 0.74
0.00 0.14 0.06 0.80
0.00 0.00 1.00 0.00
0.00 0.56 0.44 0.00
0.00 0.24 0.52 0.24
0.00 0.00 0.12 0.88
0.16 0.02 0.80 0.02
0.02 0.00 0.22 0.76
0.10 0.02 0.54 0.34
0.00 0.36 0.30 0.34
0.26 0.00 0.36 0.38
0.02 0.00 0.66 0.32
0.02 0.12 0.62 0.24

MOTIF 38_motif_1
letter-probability matrix: alength= 4 w= 16 nsites= 20 E= 0
0.000000 0.429043 0.000000 0.570957
0.092409 0.297030 0.000000 0.610561
0.138614 0.696370 0.000000 0.165017
0.092409 0.630363 0.000000 0.277228
0.000000 0.722772 0.000000 0.277228
0.132013 0.310231 0.049505 0.508251
0.000000 0.914191 0.000000 0.085809
0.000000 0.092409 0.000000 0.907591
0.016502 0.798680 0.000000 0.184818
0.013201 0.155116 0.000000 0.831683
0.046205 0.000000 0.000000 0.953795
0.343234 0.000000 0.069307 0.587459
0.726073 0.000000 0.003300 0.270627
0.346535 0.287129 0.000000 0.366337
0.132013 0.260726 0.000000 0.607261
0.049505 0.019802 0.000000 0.930693

MOTIF 38_motif_2
letter-probability matrix: alength= 4 w= 16 nsites= 20 E= 0
0.725000 0.000000 0.103571 0.171429
0.000000 0.000000 0.032143 0.967857
0.303571 0.000000 0.696429 0.000000
0.239286 0.110714 0.175000 0.475000
0.139286 0.314286 0.000000 0.546429
0.350000 0.000000 0.092857 0.557143
0.000000 0.128571 0.000000 0.871429
0.617857 0.000000 0.000000 0.382143
1.000000 0.000000 0.000000 0.000000
0.000000 0.000000 0.000000 1.000000
0.042857 0.114286 0.000000 0.842857
0.575000 0.375000 0.032143 0.017857
0.139286 0.000000 0.000000 0.860714
0.864286 0.000000 0.039286 0.096429
0.221429 0.207143 0.485714 0.085714
0.214286 0.785714 0.000000 0.000000

MOTIF 38_motif_3
letter-probability matrix: alength= 4 w= 15 nsites= 20 E= 0
0.000000 0.050209 0.000000 0.949791
0.008368 0.033473 0.163180 0.794979
0.071130 0.205021 0.117155 0.606695
0.000000 0.133891 0.000000 0.866109
0.376569 0.121339 0.025105 0.476987
0.230126 0.000000 0.481172 0.288703
0.012552 0.489540 0.000000 0.497908
0.000000 0.000000 0.020921 0.979079
0.075314 0.000000 0.000000 0.924686
0.000000 0.004184 0.481172 0.514644
0.184100 0.380753 0.401674 0.033473
0.000000 0.000000 0.347280 0.652720
0.000000 0.000000 0.000000 1.000000
0.000000 0.000000 0.430962 0.569038
0.000000 0.000000 0.000000 1.000000

MOTIF 54_motif_1
letter-probability matrix: alength= 4 w= 16 nsites= 20 E= 0
0.127315 0.393519 0.000000 0.479167
0.055556 0.574074 0.000000 0.370370
0.074074 0.701389 0.000000 0.224537
0.092593 0.680556 0.004630 0.222222
0.000000 0.990741 0.000000 0.009259
0.206019 0.201389 0.057870 0.534722
0.000000 0.780093 0.000000 0.219907
0.000000 0.138889 0.000000 0.861111
0.050926 0.849537 0.000000 0.099537
0.011574 0.000000 0.000000 0.988426
0.009259 0.000000 0.000000 0.990741
0.421296 0.004630 0.074074 0.500000
0.622685 0.006944 0.009259 0.361111
0.291667 0.250000 0.000000 0.458333
0.293981 0.141204 0.000000 0.564815
0.131944 0.013889 0.000000 0.854167

MOTIF 54_motif_2
letter-probability matrix: alength= 4 w= 16 nsites= 20 E= 0
0.915194 0.000000 0.000000 0.084806
0.056537 0.000000 0.000000 0.943463
0.402827 0.000000 0.597173 0.000000
0.360424 0.353357 0.127208 0.159011
0.159011 0.233216 0.000000 0.607774
0.201413 0.000000 0.000000 0.798587
0.000000 0.000000 0.000000 1.000000
0.749117 0.000000 0.000000 0.250883
1.000000 0.000000 0.000000 0.000000
0.000000 0.000000 0.000000 1.000000
0.190813 0.017668 0.000000 0.791519
0.865724 0.045936 0.056537 0.031802
0.000000 0.000000 0.000000 1.000000
1.000000 0.000000 0.000000 0.000000
0.392226 0.349823 0.134276 0.123675
0.162544 0.830389 0.000000 0.007067

MOTIF 54_motif_3
letter-probability matrix: alength= 4 w= 16 nsites= 20 E= 0
0.634304 0.239482 0.000000 0.126214
0.453074 0.546926 0.000000 0.000000
0.517799 0.466019 0.006472 0.009709
0.563107 0.190939 0.048544 0.197411
0.957929 0.032362 0.009709 0.000000
0.731392 0.171521 0.032362 0.064725
0.440129 0.317152 0.129450 0.113269
0.346278 0.563107 0.006472 0.084142
1.000000 0.000000 0.000000 0.000000
0.572816 0.304207 0.110032 0.012945
0.223301 0.000000 0.750809 0.025890
0.000000 0.805825 0.016181 0.177994
0.987055 0.012945 0.000000 0.000000
0.844660 0.139159 0.000000 0.016181
0.935275 0.038835 0.025890 0.000000
0.601942 0.262136 0.135922 0.000000

MOTIF 18_motif_1
letter-probability matrix: alength= 4 w= 16 nsites= 20 E= 0
0.063380 0.014085 0.147887 0.774648
0.021127 0.028169 0.028169 0.922535
0.000000 0.000000 0.133803 0.866197
0.000000 0.049296 0.000000 0.950704
0.190141 0.000000 0.302817 0.507042
0.147887 0.309859 0.225352 0.316901
0.042254 0.183099 0.084507 0.690141
0.014085 0.105634 0.014085 0.866197
0.098592 0.309859 0.000000 0.591549
0.000000 0.781690 0.147887 0.070423
0.000000 0.464789 0.077465 0.457746
0.000000 0.253521 0.000000 0.746479
0.007042 0.563380 0.000000 0.429577
0.014085 0.042254 0.190141 0.753521
0.000000 0.338028 0.211268 0.450704
0.056338 0.021127 0.000000 0.922535

MOTIF 18_motif_2
letter-probability matrix: alength= 4 w= 16 nsites= 20 E= 0
1.000000 0.000000 0.000000 0.000000
0.000000 0.000000 0.000000 1.000000
0.384615 0.000000 0.615385 0.000000
0.346154 0.153846 0.192308 0.307692
0.211538 0.269231 0.000000 0.519231
0.192308 0.000000 0.000000 0.807692
0.038462 0.000000 0.000000 0.961538
0.557692 0.000000 0.000000 0.442308
1.000000 0.000000 0.000000 0.000000
0.000000 0.000000 0.000000 1.000000
0.076923 0.000000 0.000000 0.923077
1.000000 0.000000 0.000000 0.000000
0.000000 0.000000 0.000000 1.000000
1.000000 0.000000 0.000000 0.000000
0.346154 0.192308 0.346154 0.115385
0.173077 0.826923 0.000000 0.000000

MOTIF 18_motif_3
letter-probability matrix: alength= 4 w= 15 nsites= 20 E= 0
0.079365 0.000000 0.000000 0.920635
0.333333 0.000000 0.666667 0.000000
0.476190 0.269841 0.126984 0.126984
0.507937 0.000000 0.412698 0.079365
0.126984 0.000000 0.492063 0.380952
0.000000 0.095238 0.904762 0.000000
0.000000 0.000000 0.857143 0.142857
0.095238 0.476190 0.428571 0.000000
0.190476 0.000000 0.285714 0.523810
0.222222 0.000000 0.000000 0.777778
0.000000 0.000000 1.000000 0.000000
0.000000 0.000000 0.285714 0.714286
0.571429 0.000000 0.301587 0.126984
0.730159 0.000000 0.047619 0.222222
0.031746 0.000000 0.000000 0.968254

MOTIF 74_motif_1
letter-probability matrix: alength= 4 w= 16 nsites= 20 E= 0
0.222031 0.660929 0.005164 0.111876
0.000000 0.967298 0.000000 0.032702
0.039587 0.228916 0.027539 0.703959
0.000000 0.998279 0.000000 0.001721
0.046472 0.222031 0.061962 0.669535
0.017212 0.535284 0.000000 0.447504
0.000000 0.012048 0.000000 0.987952
0.000000 0.196213 0.012048 0.791738
0.352840 0.006885 0.055077 0.585198
0.426850 0.005164 0.000000 0.567986
0.170396 0.156627 0.000000 0.672978
0.280551 0.072289 0.006885 0.640275
0.001721 0.065404 0.046472 0.886403
0.253012 0.144578 0.246127 0.356282
0.638554 0.003442 0.020654 0.337349
0.012048 0.340792 0.029260 0.617900

MOTIF 74_motif_2
letter-probability matrix: alength= 4 w= 16 nsites= 20 E= 0
0.006173 0.046296 0.348765 0.598765
0.009259 0.030864 0.021605 0.938272
0.012346 0.151235 0.805556 0.030864
0.006173 0.608025 0.120370 0.265432
0.154321 0.000000 0.429012 0.416667
0.000000 0.000000 0.185185 0.814815
0.043210 0.049383 0.308642 0.598765
0.000000 0.114198 0.000000 0.885802
0.000000 0.003086 0.009259 0.987654
0.000000 0.104938 0.015432 0.879630
0.098765 0.277778 0.000000 0.623457
0.012346 0.447531 0.515432 0.024691
0.000000 0.055556 0.169753 0.774691
0.000000 0.000000 0.000000 1.000000
0.009259 0.182099 0.070988 0.737654
0.000000 0.000000 0.098765 0.901235

MOTIF 74_motif_3
letter-probability matrix: alength= 4 w= 16 nsites= 20 E= 0
0.274448 0.000000 0.000000 0.725552
0.810726 0.100946 0.088328 0.000000
0.037855 0.034700 0.000000 0.927445
0.343849 0.000000 0.656151 0.000000
0.066246 0.583596 0.000000 0.350158
0.000000 0.000000 0.000000 1.000000
0.858044 0.000000 0.000000 0.141956
0.000000 0.154574 0.000000 0.845426
1.000000 0.000000 0.000000 0.000000
0.722397 0.277603 0.000000 0.000000
0.000000 0.000000 0.000000 1.000000
0.662461 0.000000 0.000000 0.337539
0.507886 0.331230 0.006309 0.154574
0.353312 0.148265 0.000000 0.498423
0.867508 0.000000 0.009464 0.123028
0.252366 0.277603 0.274448 0.195584

MOTIF 69_motif_1
letter-probability matrix: alength= 4 w= 16 nsites= 20 E= 0
0.001838 0.395221 0.000000 0.602941
0.112132 0.281250 0.000000 0.606618
0.147059 0.639706 0.000000 0.213235
0.102941 0.626838 0.000000 0.270221
0.000000 0.744485 0.000000 0.255515
0.132353 0.363971 0.047794 0.455882
0.000000 0.906250 0.000000 0.093750
0.000000 0.102941 0.000000 0.897059
0.023897 0.794118 0.000000 0.181985
0.005515 0.172794 0.000000 0.821691
0.055147 0.014706 0.000000 0.930147
0.332721 0.000000 0.062500 0.604779
0.667279 0.073529 0.000000 0.259191
0.329044 0.272059 0.000000 0.398897
0.126838 0.235294 0.000000 0.637868
0.038603 0.016544 0.000000 0.944853

MOTIF 69_motif_2
letter-probability matrix: alength= 4 w= 16 nsites= 20 E= 0
0.978571 0.000000 0.000000 0.021429
0.000000 0.003571 0.000000 0.996429
0.321429 0.000000 0.678571 0.000000
0.346429 0.342857 0.142857 0.167857
0.167857 0.253571 0.000000 0.578571
0.185714 0.003571 0.000000 0.810714
0.000000 0.000000 0.000000 1.000000
0.803571 0.000000 0.000000 0.196429
1.000000 0.000000 0.000000 0.000000
0.000000 0.000000 0.000000 1.000000
0.178571 0.000000 0.000000 0.821429
0.900000 0.000000 0.067857 0.032143
0.000000 0.000000 0.000000 1.000000
1.000000 0.000000 0.000000 0.000000
0.367857 0.321429 0.160714 0.150000
0.182143 0.810714 0.000000 0.007143

MOTIF 69_motif_3
letter-probability matrix: alength= 4 w= 16 nsites= 20 E= 0
0.950125 0.000000 0.049875 0.000000
0.511222 0.481297 0.000000 0.007481
0.950125 0.000000 0.049875 0.000000
0.710723 0.289277 0.000000 0.000000
0.009975 0.319202 0.506234 0.164589
0.416459 0.421446 0.162095 0.000000
0.925187 0.000000 0.000000 0.074813
1.000000 0.000000 0.000000 0.000000
0.483791 0.099751 0.408978 0.007481
0.291771 0.461347 0.000000 0.246883
0.458853 0.007481 0.159601 0.374065
0.872818 0.002494 0.124688 0.000000
0.605985 0.167082 0.149626 0.077307
0.758105 0.174564 0.032419 0.034913
0.967581 0.007481 0.024938 0.000000
0.640898 0.359102 0.000000 0.000000

MOTIF 99_motif_1
letter-probability matrix: alength= 4 w= 16 nsites= 20 E= 0
0.190559 0.701049 0.036713 0.071678
0.000000 0.980769 0.000000 0.019231
0.001748 0.001748 0.006993 0.989510
0.000000 0.888112 0.000000 0.111888
0.045455 0.279720 0.013986 0.660839
0.066434 0.482517 0.000000 0.451049
0.000000 0.024476 0.000000 0.975524
0.001748 0.223776 0.000000 0.774476
0.438811 0.019231 0.000000 0.541958
0.302448 0.031469 0.003497 0.662587
0.010490 0.192308 0.001748 0.795455
0.034965 0.055944 0.087413 0.821678
0.183566 0.000000 0.068182 0.748252
0.208042 0.026224 0.300699 0.465035
0.489510 0.047203 0.036713 0.426573
0.153846 0.176573 0.027972 0.641608

MOTIF 99_motif_2
letter-probability matrix: alength= 4 w= 15 nsites= 20 E= 0
0.004484 0.058296 0.085202 0.852018
0.771300 0.067265 0.156951 0.004484
0.820628 0.017937 0.004484 0.156951
0.614350 0.004484 0.286996 0.094170
0.273543 0.000000 0.726457 0.000000
0.080717 0.000000 0.919283 0.000000
0.085202 0.004484 0.654709 0.255605
0.004484 0.022422 0.973094 0.000000
0.000000 0.000000 1.000000 0.000000
0.313901 0.008969 0.215247 0.461883
0.049327 0.000000 0.950673 0.000000
0.031390 0.089686 0.672646 0.206278
0.008969 0.000000 0.932735 0.058296
0.331839 0.246637 0.085202 0.336323
0.000000 0.000000 0.031390 0.968610

MOTIF 99_motif_3
letter-probability matrix: alength= 4 w= 16 nsites= 20 E= 0
0.005714 0.071429 0.340000 0.582857
0.000000 0.042857 0.028571 0.928571
0.005714 0.137143 0.814286 0.042857
0.000000 0.591429 0.125714 0.282857
0.131429 0.000000 0.442857 0.425714
0.000000 0.065714 0.188571 0.745714
0.040000 0.020000 0.291429 0.648571
0.000000 0.097143 0.000000 0.902857
0.000000 0.014286 0.005714 0.980000
0.000000 0.071429 0.008571 0.920000
0.091429 0.280000 0.011429 0.617143
0.037143 0.402857 0.508571 0.051429
0.000000 0.040000 0.194286 0.765714
0.000000 0.000000 0.000000 1.000000
0.008571 0.191429 0.057143 0.742857
0.000000 0.002857 0.097143 0.900000

MOTIF 86_motif_1
letter-probability matrix: alength= 4 w= 16 nsites= 20 E= 0
0.119225 0.055142 0.001490 0.824143
0.128167 0.028316 0.074516 0.769001
0.195231 0.041729 0.000000 0.763040
0.019374 0.000000 0.000000 0.980626
0.435171 0.077496 0.092399 0.394933
0.228018 0.149031 0.184799 0.438152
0.053651 0.339791 0.049180 0.557377
0.217586 0.073025 0.000000 0.709389
0.180328 0.554396 0.000000 0.265276
0.035768 0.932936 0.000000 0.031297
0.007452 0.737705 0.000000 0.254844
0.067064 0.347243 0.004471 0.581222
0.000000 0.892697 0.000000 0.107303
0.131148 0.104322 0.047690 0.716841
0.001490 0.451565 0.000000 0.546945
0.038748 0.011923 0.004471 0.944858

MOTIF 86_motif_2
letter-probability matrix: alength= 4 w= 16 nsites= 20 E= 0
0.951456 0.000000 0.000000 0.048544
0.000000 0.000000 0.000000 1.000000
0.362460 0.000000 0.637540 0.000000
0.365696 0.171521 0.239482 0.223301
0.171521 0.265372 0.003236 0.559871
0.177994 0.003236 0.000000 0.818770
0.051780 0.000000 0.000000 0.948220
0.644013 0.000000 0.000000 0.355987
1.000000 0.000000 0.000000 0.000000
0.000000 0.003236 0.000000 0.996764
0.009709 0.009709 0.000000 0.980583
0.906149 0.000000 0.061489 0.032362
0.000000 0.000000 0.000000 1.000000
1.000000 0.000000 0.000000 0.000000
0.307443 0.245955 0.313916 0.132686
0.194175 0.792880 0.000000 0.012945

MOTIF 86_motif_3
letter-probability matrix: alength= 4 w= 16 nsites= 20 E= 0
