<!DOCTYPE HTML>
<html>
  <head>
    <meta charset="UTF-8">
    <title>Tomtom Results</title>
    <script>
      // @JSON_VAR data
      var data = {
        "program": "Tomtom",
        "version": "5.5.4",
        "release": "Fri Jun 16 12:19:08 2023 -0700",
        "cmd": [
          "tomtom", "-dist", "ed", "-min-overlap", "8", "-thresh", "1e-10",
          "-oc",
          "/home/hanzequan/test_bectiral/operator_recongize/picture_10_phage_tfbs/EvoMega/scripts/output/NC_000902/motif_meme/fimo_results/tomtom_results.tsv",
          "-verbosity", "1",
          "/home/hanzequan/test_bectiral/operator_recongize/picture_10_phage_tfbs/EvoMega/scripts/output/NC_000902/motif_meme/fimo_results/tomtom_results.tsv/combined_motifs.meme",
          "/home/hanzequan/test_bectiral/operator_recongize/picture_10_phage_tfbs/EvoMega/scripts/output/NC_000902/motif_meme/fimo_results/tomtom_results.tsv/combined_motifs.meme"
        ],
        "options": {
          "strands": "both",
          "distance_measure": "ed",
          "threshold_type": "qvalue",
          "threshold_value": 1e-10,
          "background_source": "--query--"
        },
        "alphabet": {
          "name": "DNA",
          "like": "dna",
          "ncore": 4,
          "symbols": [
            {
              "symbol": "A",
              "name": "Adenine",
              "colour": "CC0000",
              "complement": "T"
            }, {
              "symbol": "C",
              "name": "Cytosine",
              "colour": "0000CC",
              "complement": "G"
            }, {
              "symbol": "G",
              "name": "Guanine",
              "colour": "FFB300",
              "complement": "C"
            }, {
              "symbol": "T",
              "aliases": "U",
              "name": "Thymine",
              "colour": "008000",
              "complement": "A"
            }, {
              "symbol": "N",
              "aliases": "X.",
              "name": "Any base",
              "equals": "ACGT"
            }, {
              "symbol": "V",
              "name": "Not T",
              "equals": "ACG"
            }, {
              "symbol": "H",
              "name": "Not G",
              "equals": "ACT"
            }, {
              "symbol": "D",
              "name": "Not C",
              "equals": "AGT"
            }, {
              "symbol": "B",
              "name": "Not A",
              "equals": "CGT"
            }, {
              "symbol": "M",
              "name": "Amino",
              "equals": "AC"
            }, {
              "symbol": "R",
              "name": "Purine",
              "equals": "AG"
            }, {
              "symbol": "W",
              "name": "Weak",
              "equals": "AT"
            }, {
              "symbol": "S",
              "name": "Strong",
              "equals": "CG"
            }, {
              "symbol": "Y",
              "name": "Pyrimidine",
              "equals": "CT"
            }, {
              "symbol": "K",
              "name": "Keto",
              "equals": "GT"
            }
          ]
        },
        "background": [0.25, 0.25, 0.25, 0.25],
        "query_dbs": [
          {
            "source": "/home/hanzequan/test_bectiral/operator_recongize/picture_10_phage_tfbs/EvoMega/scripts/output/NC_000902/motif_meme/fimo_results/tomtom_results.tsv/combined_motifs.meme",
            "name": "combined_motifs",
            "loaded": 303,
            "excluded": 0,
            "last_modified": "Thu Dec 19 22:10:33 2024"
          }
        ],
        "target_dbs": [
          {
            "source": "/home/hanzequan/test_bectiral/operator_recongize/picture_10_phage_tfbs/EvoMega/scripts/output/NC_000902/motif_meme/fimo_results/tomtom_results.tsv/combined_motifs.meme",
            "name": "combined_motifs",
            "loaded": 303,
            "excluded": 0,
            "last_modified": "Thu Dec 19 22:10:33 2024"
          }
        ],
        "queries": [
          {
            "db": 0,
            "id": "100_motif_1",
            "len": 16,
            "nsites": 20,
            "pwm": [
              [0.12998, 0.0401333, 0.0951144, 0.734773], 
              [0.00124378, 0.0454965, 0.0361095, 0.917149], 
              [0.00124378, 0.0374507, 0.097796, 0.863509], 
              [0.00392537, 0.0991373, 0.00124378, 0.895694], 
              [0.289559, 0.0548836, 0.231897, 0.42366], 
              [0.12998, 0.231897, 0.148754, 0.489369], 
              [0.0682935, 0.284196, 0.0575662, 0.589944], 
              [0.0817045, 0.097796, 0.00928955, 0.81121], 
              [0.132662, 0.324426, 0.00124378, 0.541669], 
              [0.0454965, 0.862168, 0.0133124, 0.0790219], 
              [0.00258507, 0.631515, 0.00124378, 0.364656], 
              [0.00124378, 0.256035, 0.00258507, 0.740137], 
              [0.00124378, 0.711976, 0.00124378, 0.285536], 
              [0.0723174, 0.15546, 0.0562249, 0.715999], 
              [0.00392537, 0.301629, 0.140708, 0.553737], 
              [0.00124378, 0.0106308, 0.00258507, 0.98554]
            ]
          }, {
            "db": 0,
            "id": "100_motif_2",
            "len": 16,
            "nsites": 20,
            "pwm": [
              [0.00124378, 0.152591, 0.00124378, 0.844921], 
              [0.00124378, 0.00124378, 0.406982, 0.59053], 
              [0.954407, 0.00124378, 0.00124378, 0.0431055], 
              [0.00124378, 0.0688667, 0.00124378, 0.928646], 
              [0.390882, 0.00124378, 0.603411, 0.00446368], 
              [0.394101, 0.14615, 0.239534, 0.220214], 
              [0.14937, 0.242754, 0.00124378, 0.606631], 
              [0.14937, 0.00124378, 0.00124378, 0.848142], 
              [0.0109045, 0.00124378, 0.00124378, 0.986608], 
              [0.661373, 0.00124378, 0.0237851, 0.313598], 
              [0.993049, 0.00124378, 0.00124378, 0.00446368], 
              [0.00124378, 0.00124378, 0.00124378, 0.996269], 
              [0.00124378, 0.00124378, 0.00124378, 0.996269], 
              [0.915765, 0.00124378, 0.0495463, 0.0334448], 
              [0.0849672, 0.00124378, 0.00124378, 0.912545], 
              [0.989829, 0.00124378, 0.00124378, 0.00768358]
            ]
          }, {
            "db": 0,
            "id": "100_motif_3",
            "len": 16,
            "nsites": 20,
            "pwm": [
              [0.00124378, 0.014001, 0.00124378, 0.983511], 
              [0.00124378, 0.141568, 0.00124378, 0.855944], 
              [0.014001, 0.00549652, 0.00124378, 0.97926], 
              [0.00124378, 0.00124378, 0.167082, 0.830431], 
              [0.00337015, 0.00124378, 0.00124378, 0.994142], 
              [0.230865, 0.177711, 0.128811, 0.462612], 
              [0.409459, 0.00124378, 0.549783, 0.0395144], 
              [0.00124378, 0.307405, 0.00124378, 0.690107], 
              [0.00124378, 0.00124378, 0.00337015, 0.994142], 
              [0.279766, 0.00124378, 0.0161264, 0.702864], 
              [0.00124378, 0.120306, 0.230865, 0.647585], 
              [0.579549, 0.00762189, 0.345676, 0.0671532], 
              [0.564666, 0.0203791, 0.00974826, 0.405207], 
              [0.335045, 0.10755, 0.00124378, 0.556161], 
              [0.164955, 0.00124378, 0.196847, 0.636954], 
              [0.137315, 0.00124378, 0.00762189, 0.853819]
            ]
          }, {
            "db": 0,
            "id": "101_motif_1",
            "len": 16,
            "nsites": 20,
            "pwm": [
              [0.122224, 0.0311493, 0.0923184, 0.754309], 
              [0.00124378, 0.0365861, 0.0393045, 0.922866], 
              [0.00124378, 0.0325085, 0.0950368, 0.871211], 
              [0.00396219, 0.0855214, 0.00124378, 0.909272], 
              [0.286701, 0.0501791, 0.254078, 0.409041], 
              [0.127661, 0.224173, 0.165722, 0.482445], 
              [0.06921, 0.273108, 0.0569761, 0.600705], 
              [0.0678507, 0.111349, 0.0094, 0.811401], 
              [0.130379, 0.315248, 0.00124378, 0.553129], 
              [0.0474607, 0.837228, 0.0338677, 0.0814438], 
              [0.00260299, 0.622455, 0.00124378, 0.373699], 
              [0.00124378, 0.245922, 0.00260299, 0.750231], 
              [0.00124378, 0.709452, 0.00124378, 0.288061], 
              [0.0732876, 0.1698, 0.0474607, 0.709452], 
              [0.00396219, 0.301655, 0.139895, 0.554489], 
              [0.00124378, 0.0080408, 0.00260299, 0.988112]
            ]
          }, {
            "db": 0,
            "id": "101_motif_2",
            "len": 16,
            "nsites": 20,
            "pwm": [
              [0.00124378, 0.148771, 0.00124378, 0.848741], 
              [0.00124378, 0.00124378, 0.396742, 0.60077], 
              [0.93663, 0.00124378, 0.00124378, 0.0608826], 
              [0.00124378, 0.0671602, 0.00124378, 0.930352], 
              [0.40302, 0.00124378, 0.588214, 0.00752139], 
              [0.384187, 0.142494, 0.23352, 0.239799], 
              [0.145632, 0.23666, 0.00124378, 0.616465], 
              [0.145632, 0.00124378, 0.00124378, 0.851881], 
              [0.0263552, 0.00124378, 0.00124378, 0.971157], 
              [0.666687, 0.00124378, 0.0232159, 0.308854], 
              [0.989991, 0.00438308, 0.00124378, 0.00438308], 
              [0.00124378, 0.00124378, 0.00124378, 0.996269], 
              [0.00124378, 0.00124378, 0.00124378, 0.996269], 
              [0.911518, 0.00124378, 0.0483274, 0.0389104], 
              [0.0828547, 0.00124378, 0.00124378, 0.914658], 
              [0.983713, 0.00124378, 0.00124378, 0.013799]
            ]
          }, {
            "db": 0,
            "id": "101_motif_3",
            "len": 16,
            "nsites": 20,
            "pwm": [
              [0.00124378, 0.00969453, 0.00124378, 0.987818], 
              [0.00124378, 0.136449, 0.00124378, 0.861064], 
              [0.00969453, 0.00546866, 0.00124378, 0.983593], 
              [0.00124378, 0.00124378, 0.172363, 0.825149], 
              [0.00335622, 0.00124378, 0.00124378, 0.994156], 
              [0.239965, 0.174476, 0.123773, 0.461786], 
              [0.417422, 0.00124378, 0.542064, 0.0392706], 
              [0.00124378, 0.309681, 0.00124378, 0.687832], 
              [0.00124378, 0.00124378, 0.00546866, 0.992044], 
              [0.273766, 0.00124378, 0.0160318, 0.708958], 
              [0.00124378, 0.123773, 0.22729, 0.647694], 
              [0.57164, 0.00546866, 0.339257, 0.0836348], 
              [0.56319, 0.0202567, 0.0139194, 0.402634], 
              [0.345594, 0.106873, 0.00124378, 0.54629], 
              [0.166025, 0.00124378, 0.197713, 0.635018], 
              [0.147012, 0.00124378, 0.00758109, 0.844163]
            ]
          }, {
            "db": 0,
            "id": "10_motif_1",
            "len": 15,
            "nsites": 20,
            "pwm": [
              [0.156716, 0.00124378, 0.172264, 0.669776], 
              [0.00124378, 0.0323383, 0.343284, 0.623134], 
              [0.00124378, 0.0478856, 0.156716, 0.794154], 
              [0.0789801, 0.529851, 0.016791, 0.374378], 
              [0.00124378, 0.00124378, 0.00124378, 0.996269], 
              [0.0323383, 0.731965, 0.00124378, 0.234453], 
              [0.00124378, 0.529851, 0.00124378, 0.467662], 
              [0.0323383, 0.00124378, 0.0323383, 0.93408], 
              [0.0323383, 0.00124378, 0.0478856, 0.918532], 
              [0.265547, 0.0478856, 0.00124378, 0.685323], 
              [0.00124378, 0.0634328, 0.327736, 0.607587], 
              [0.0323383, 0.00124378, 0.514303, 0.452114], 
              [0.0478856, 0.00124378, 0.0945274, 0.856343], 
              [0.156716, 0.00124378, 0.0945274, 0.747512], 
              [0.25, 0.00124378, 0.203358, 0.545398]
            ]
          }, {
            "db": 0,
            "id": "10_motif_2",
            "len": 16,
            "nsites": 20,
            "pwm": [
              [0.200249, 0.717662, 0.0808458, 0.00124378], 
              [0.160448, 0.837065, 0.00124378, 0.00124378], 
              [0.478856, 0.319652, 0.200249, 0.00124378], 
              [0.160448, 0.837065, 0.00124378, 0.00124378], 
              [0.478856, 0.359453, 0.160448, 0.00124378], 
              [0.598259, 0.319652, 0.0808458, 0.00124378], 
              [0.63806, 0.279851, 0.00124378, 0.0808458], 
              [0.677861, 0.279851, 0.00124378, 0.0410448], 
              [0.757463, 0.160448, 0.0410448, 0.0410448], 
              [0.200249, 0.120647, 0.677861, 0.00124378], 
              [0.00124378, 0.757463, 0.24005, 0.00124378], 
              [0.160448, 0.837065, 0.00124378, 0.00124378], 
              [0.837065, 0.0808458, 0.0808458, 0.00124378], 
              [0.00124378, 0.996269, 0.00124378, 0.00124378], 
              [0.478856, 0.200249, 0.319652, 0.00124378], 
              [0.00124378, 0.916667, 0.0410448, 0.0410448]
            ]
          }, {
            "db": 0,
            "id": "10_motif_3",
            "len": 15,
            "nsites": 20,
            "pwm": [
              [0.00124378, 0.00124378, 0.13103, 0.866483], 
              [0.00124378, 0.00124378, 0.217553, 0.779959], 
              [0.866483, 0.00124378, 0.00124378, 0.13103], 
              [0.00124378, 0.953007, 0.0445055, 0.00124378], 
              [0.866483, 0.00124378, 0.13103, 0.00124378], 
              [0.0877682, 0.693435, 0.0877682, 0.13103], 
              [0.00124378, 0.00124378, 0.00124378, 0.996269], 
              [0.260816, 0.00124378, 0.0877682, 0.650173], 
              [0.00124378, 0.174292, 0.00124378, 0.823221], 
              [0.00124378, 0.0445055, 0.00124378, 0.953007], 
              [0.866483, 0.00124378, 0.00124378, 0.13103], 
              [0.00124378, 0.00124378, 0.996269, 0.00124378], 
              [0.13103, 0.00124378, 0.00124378, 0.866483], 
              [0.520387, 0.0877682, 0.00124378, 0.390601], 
              [0.823221, 0.0445055, 0.0445055, 0.0877682]
            ]
          }, {
            "db": 0,
            "id": "11_motif_1",
            "len": 16,
            "nsites": 20,
            "pwm": [
              [0.683878, 0.209504, 0.0359542, 0.0706637], 
              [0.440905, 0.174795, 0.0243841, 0.359915], 
              [0.626027, 0.371486, 0.00124378, 0.00124378], 
              [0.487186, 0.510326, 0.00124378, 0.00124378], 
              [0.845858, 0.151655, 0.00124378, 0.00124378], 
              [0.487186, 0.394626, 0.00124378, 0.116944], 
              [0.996269, 0.00124378, 0.00124378, 0.00124378], 
              [0.683878, 0.140085, 0.174795, 0.00124378], 
              [0.313635, 0.0128139, 0.452476, 0.221075], 
              [0.406196, 0.394626, 0.197934, 0.00124378], 
              [0.730157, 0.174795, 0.093804, 0.00124378], 
              [0.695447, 0.0706637, 0.232645, 0.00124378], 
              [0.383056, 0.602887, 0.0128139, 0.00124378], 
              [0.822717, 0.0590945, 0.116944, 0.00124378], 
              [0.487186, 0.487186, 0.0243841, 0.00124378], 
              [0.383056, 0.510326, 0.00124378, 0.105374]
            ]
          }, {
            "db": 0,
            "id": "11_motif_2",
            "len": 15,
            "nsites": 20,
            "pwm": [
              [0.174292, 0.390601, 0.347339, 0.0877682], 
              [0.00124378, 0.00124378, 0.13103, 0.866483], 
              [0.00124378, 0.00124378, 0.13103, 0.866483], 
              [0.823221, 0.00124378, 0.0445055, 0.13103], 
              [0.00124378, 0.953007, 0.0445055, 0.00124378], 
              [0.953007, 0.00124378, 0.0445055, 0.00124378], 
              [0.0877682, 0.650173, 0.0877682, 0.174292], 
              [0.00124378, 0.00124378, 0.00124378, 0.996269], 
              [0.260816, 0.00124378, 0.13103, 0.606911], 
              [0.00124378, 0.0877682, 0.00124378, 0.909744], 
              [0.0877682, 0.0445055, 0.00124378, 0.866483], 
              [0.866483, 0.00124378, 0.00124378, 0.13103], 
              [0.00124378, 0.00124378, 0.996269, 0.00124378], 
              [0.174292, 0.00124378, 0.00124378, 0.823221], 
              [0.606911, 0.0877682, 0.00124378, 0.304078]
            ]
          }, {
            "db": 0,
            "id": "11_motif_3",
            "len": 11,
            "nsites": 20,
            "pwm": [
              [0.946517, 0.00124378, 0.050995, 0.00124378], 
              [0.847015, 0.00124378, 0.0758706, 0.0758706], 
              [0.996269, 0.00124378, 0.00124378, 0.00124378], 
              [0.871891, 0.00124378, 0.00124378, 0.125622], 
              [0.996269, 0.00124378, 0.00124378, 0.00124378], 
              [0.847015, 0.0758706, 0.0758706, 0.00124378], 
              [0.00124378, 0.175373, 0.822139, 0.00124378], 
              [0.00124378, 0.822139, 0.050995, 0.125622], 
              [0.225124, 0.722637, 0.050995, 0.00124378], 
              [0.0261194, 0.274876, 0.225124, 0.473881], 
              [0.00124378, 0.498756, 0.349502, 0.150498]
            ]
          }, {
            "db": 0,
            "id": "12_motif_1",
            "len": 16,
            "nsites": 20,
            "pwm": [
              [0.106599, 0.00124378, 0.141717, 0.750439], 
              [0.176837, 0.0831871, 0.621671, 0.118305], 
              [0.0480687, 0.528022, 0.141717, 0.282192], 
              [0.0246557, 0.0948935, 0.621671, 0.25878], 
              [0.0597751, 0.188542, 0.387547, 0.364135], 
              [0.00124378, 0.211955, 0.305604, 0.481197], 
              [0.00124378, 0.106599, 0.200249, 0.691908], 
              [0.00124378, 0.106599, 0.0597751, 0.832382], 
              [0.00124378, 0.118305, 0.0246557, 0.855795], 
              [0.00124378, 0.387547, 0.106599, 0.504609], 
              [0.0363622, 0.340722, 0.0948935, 0.528022], 
              [0.00124378, 0.0831871, 0.118305, 0.797264], 
              [0.0129502, 0.00124378, 0.00124378, 0.984562], 
              [0.141717, 0.0129502, 0.422666, 0.422666], 
              [0.0129502, 0.00124378, 0.0831871, 0.902619], 
              [0.00124378, 0.0129502, 0.750439, 0.235367]
            ]
          }, {
            "db": 0,
            "id": "12_motif_2",
            "len": 16,
            "nsites": 20,
            "pwm": [
              [0.225926, 0.418512, 0.258025, 0.0975363], 
              [0.00124378, 0.00124378, 0.0975363, 0.899976], 
              [0.00124378, 0.00124378, 0.258025, 0.739488], 
              [0.835781, 0.00124378, 0.00124378, 0.161731], 
              [0.00124378, 0.996269, 0.00124378, 0.00124378], 
              [0.867879, 0.00124378, 0.129634, 0.00124378], 
              [0.225926, 0.546902, 0.129634, 0.0975363], 
              [0.00124378, 0.161731, 0.00124378, 0.835781], 
              [0.258025, 0.00124378, 0.161731, 0.579], 
              [0.00124378, 0.32222, 0.00124378, 0.675293], 
              [0.0975363, 0.0333413, 0.00124378, 0.867879], 
              [0.803684, 0.00124378, 0.00124378, 0.193829], 
              [0.00124378, 0.00124378, 0.996269, 0.00124378], 
              [0.129634, 0.161731, 0.00124378, 0.70739], 
              [0.579, 0.0654388, 0.00124378, 0.354317], 
              [0.867879, 0.0654388, 0.0333413, 0.0333413]
            ]
          }, {
            "db": 0,
            "id": "12_motif_3",
            "len": 16,
            "nsites": 20,
            "pwm": [
              [0.899976, 0.0975363, 0.00124378, 0.00124378], 
              [0.932074, 0.00124378, 0.00124378, 0.0654388], 
              [0.70739, 0.00124378, 0.129634, 0.161731], 
              [0.161731, 0.00124378, 0.386415, 0.45061], 
              [0.258025, 0.00124378, 0.225926, 0.514805], 
              [0.161731, 0.546902, 0.290122, 0.00124378], 
              [0.996269, 0.00124378, 0.00124378, 0.00124378], 
              [0.932074, 0.00124378, 0.0654388, 0.00124378], 
              [0.45061, 0.225926, 0.32222, 0.00124378], 
              [0.0333413, 0.0975363, 0.0654388, 0.803684], 
              [0.579, 0.418512, 0.00124378, 0.00124378], 
              [0.932074, 0.00124378, 0.00124378, 0.0654388], 
              [0.867879, 0.129634, 0.00124378, 0.00124378], 
              [0.675293, 0.32222, 0.00124378, 0.00124378], 
              [0.803684, 0.0654388, 0.129634, 0.00124378], 
              [0.964171, 0.00124378, 0.00124378, 0.0333413]
            ]
          }, {
            "db": 0,
            "id": "13_motif_1",
            "len": 16,
            "nsites": 20,
            "pwm": [
              [0.279851, 0.0410448, 0.518657, 0.160448], 
              [0.0410448, 0.578358, 0.090796, 0.289801], 
              [0.00124378, 0.160448, 0.498756, 0.339552], 
              [0.0310945, 0.190299, 0.2699, 0.508706], 
              [0.00124378, 0.190299, 0.309701, 0.498756], 
              [0.00124378, 0.2699, 0.120647, 0.608209], 
              [0.00124378, 0.100746, 0.00124378, 0.896766], 
              [0.00124378, 0.120647, 0.0211443, 0.856965], 
              [0.00124378, 0.498756, 0.00124378, 0.498756], 
              [0.0310945, 0.309701, 0.0211443, 0.63806], 
              [0.050995, 0.090796, 0.090796, 0.767413], 
              [0.0211443, 0.00124378, 0.00124378, 0.976368], 
              [0.170398, 0.0410448, 0.389303, 0.399254], 
              [0.00124378, 0.00124378, 0.150498, 0.847015], 
              [0.090796, 0.00124378, 0.588308, 0.319652], 
              [0.00124378, 0.130597, 0.0808458, 0.787313]
            ]
          }, {
            "db": 0,
            "id": "13_motif_2",
            "len": 16,
            "nsites": 20,
            "pwm": [
              [0.32222, 0.418512, 0.161731, 0.0975363], 
              [0.00124378, 0.00124378, 0.00124378, 0.996269], 
              [0.00124378, 0.00124378, 0.290122, 0.70739], 
              [0.771586, 0.00124378, 0.0654388, 0.161731], 
              [0.00124378, 0.996269, 0.00124378, 0.00124378], 
              [0.867879, 0.00124378, 0.129634, 0.00124378], 
              [0.290122, 0.45061, 0.129634, 0.129634], 
              [0.00124378, 0.225926, 0.00124378, 0.771586], 
              [0.258025, 0.00124378, 0.161731, 0.579], 
              [0.00124378, 0.418512, 0.00124378, 0.579], 
              [0.161731, 0.00124378, 0.00124378, 0.835781], 
              [0.771586, 0.00124378, 0.00124378, 0.225926], 
              [0.00124378, 0.00124378, 0.996269, 0.00124378], 
              [0.00124378, 0.225926, 0.00124378, 0.771586], 
              [0.611098, 0.0654388, 0.00124378, 0.32222], 
              [0.932074, 0.0333413, 0.00124378, 0.0333413]
            ]
          }, {
            "db": 0,
            "id": "13_motif_3",
            "len": 16,
            "nsites": 20,
            "pwm": [
              [0.0945274, 0.902985, 0.00124378, 0.00124378], 
              [0.187811, 0.654229, 0.00124378, 0.156716], 
              [0.0634328, 0.840796, 0.00124378, 0.0945274], 
              [0.00124378, 0.529851, 0.125622, 0.343284], 
              [0.00124378, 0.996269, 0.00124378, 0.00124378], 
              [0.00124378, 0.0945274, 0.00124378, 0.902985], 
              [0.00124378, 0.685323, 0.00124378, 0.312189], 
              [0.187811, 0.0323383, 0.00124378, 0.778607], 
              [0.125622, 0.00124378, 0.00124378, 0.871891], 
              [0.467662, 0.0323383, 0.156716, 0.343284], 
              [0.902985, 0.00124378, 0.00124378, 0.0945274], 
              [0.0945274, 0.374378, 0.00124378, 0.529851], 
              [0.0945274, 0.187811, 0.0634328, 0.654229], 
              [0.00124378, 0.0634328, 0.00124378, 0.93408], 
              [0.312189, 0.218905, 0.281095, 0.187811], 
              [0.685323, 0.281095, 0.0323383, 0.00124378]
            ]
          }, {
            "db": 0,
            "id": "14_motif_1",
            "len": 16,
            "nsites": 20,
            "pwm": [
              [0.0841622, 0.00124378, 0.0565234, 0.858071], 
              [0.148655, 0.19472, 0.535609, 0.121015], 
              [0.0288836, 0.600101, 0.111802, 0.259213], 
              [0.0380965, 0.157868, 0.526396, 0.27764], 
              [0.0288836, 0.111802, 0.323705, 0.535609], 
              [0.00124378, 0.176295, 0.296066, 0.526396], 
              [0.00124378, 0.157868, 0.121015, 0.719873], 
              [0.00124378, 0.157868, 0.0380965, 0.802792], 
              [0.00124378, 0.121015, 0.0380965, 0.839645], 
              [0.00124378, 0.360558, 0.0841622, 0.554036], 
              [0.102589, 0.323705, 0.130229, 0.443477], 
              [0.0565234, 0.102589, 0.157868, 0.68302], 
              [0.0104567, 0.00124378, 0.00124378, 0.987056], 
              [0.0565234, 0.0196706, 0.30528, 0.618527], 
              [0.0104567, 0.00124378, 0.0565234, 0.931776], 
              [0.00124378, 0.0104567, 0.765939, 0.22236]
            ]
          }, {
            "db": 0,
            "id": "14_motif_2",
            "len": 16,
            "nsites": 20,
            "pwm": [
              [0.00124378, 0.0687035, 0.00124378, 0.928809], 
              [0.00124378, 0.00124378, 0.237351, 0.760161], 
              [0.793891, 0.00124378, 0.00124378, 0.203622], 
              [0.00124378, 0.203622, 0.186757, 0.608377], 
              [0.591512, 0.00124378, 0.287946, 0.119298], 
              [0.422865, 0.321676, 0.119298, 0.136162], 
              [0.237351, 0.237351, 0.00124378, 0.524054], 
              [0.186757, 0.00124378, 0.00124378, 0.810755], 
              [0.0518378, 0.00124378, 0.00124378, 0.945675], 
              [0.389135, 0.00124378, 0.271081, 0.33854], 
              [0.89508, 0.0349731, 0.00124378, 0.0687035], 
              [0.00124378, 0.00124378, 0.203622, 0.793891], 
              [0.0518378, 0.00124378, 0.00124378, 0.945675], 
              [0.810755, 0.00124378, 0.00124378, 0.186757], 
              [0.153027, 0.00124378, 0.00124378, 0.844486], 
              [0.996269, 0.00124378, 0.00124378, 0.00124378]
            ]
          }, {
            "db": 0,
            "id": "14_motif_3",
            "len": 16,
            "nsites": 20,
            "pwm": [
              [0.0581025, 0.228678, 0.00124378, 0.711976], 
              [0.00124378, 0.00124378, 0.00124378, 0.996269], 
              [0.00124378, 0.00124378, 0.17182, 0.825693], 
              [0.200249, 0.0865313, 0.00124378, 0.711976], 
              [0.370825, 0.0581025, 0.114961, 0.456112], 
              [0.285536, 0.00124378, 0.14339, 0.56983], 
              [0.370825, 0.0865313, 0.00124378, 0.5414], 
              [0.00124378, 0.882551, 0.0296726, 0.0865313], 
              [0.00124378, 0.854122, 0.00124378, 0.14339], 
              [0.00124378, 0.17182, 0.00124378, 0.825693], 
              [0.00124378, 0.996269, 0.00124378, 0.00124378], 
              [0.00124378, 0.5414, 0.00124378, 0.456112], 
              [0.00124378, 0.626688, 0.00124378, 0.370825], 
              [0.0581025, 0.0296726, 0.00124378, 0.910981], 
              [0.200249, 0.512971, 0.00124378, 0.285536], 
              [0.484541, 0.0296726, 0.00124378, 0.484541]
            ]
          }, {
            "db": 0,
            "id": "15_motif_1",
            "len": 16,
            "nsites": 20,
            "pwm": [
              [0.0841622, 0.0924547, 0.142206, 0.681177], 
              [0.0675791, 0.00953532, 0.050995, 0.871891], 
              [0.00124378, 0.00953532, 0.283167, 0.706053], 
              [0.00124378, 0.158789, 0.050995, 0.788972], 
              [0.142206, 0.00124378, 0.449005, 0.407545], 
              [0.216833, 0.241708, 0.109038, 0.432421], 
              [0.0758706, 0.258292, 0.0924547, 0.573383], 
              [0.00953532, 0.150498, 0.0758706, 0.764097], 
              [0.00953532, 0.349502, 0.00124378, 0.639718], 
              [0.00124378, 0.797264, 0.109038, 0.0924547], 
              [0.00124378, 0.51534, 0.0261194, 0.457297], 
              [0.00124378, 0.299751, 0.00124378, 0.697761], 
              [0.00953532, 0.407545, 0.00124378, 0.581675], 
              [0.050995, 0.0675791, 0.00124378, 0.880182], 
              [0.0178279, 0.241708, 0.366087, 0.374378], 
              [0.0592866, 0.00953532, 0.00124378, 0.929933]
            ]
          }, {
            "db": 0,
            "id": "15_motif_2",
            "len": 16,
            "nsites": 20,
            "pwm": [
              [0.00124378, 0.00124378, 0.00124378, 0.996269], 
              [0.854122, 0.00124378, 0.00124378, 0.14339], 
              [0.00124378, 0.00124378, 0.00124378, 0.996269], 
              [0.996269, 0.00124378, 0.00124378, 0.00124378], 
              [0.732283, 0.0824706, 0.00124378, 0.184003], 
              [0.00124378, 0.00124378, 0.224617, 0.772896], 
              [0.468297, 0.0621632, 0.00124378, 0.468297], 
              [0.975962, 0.00124378, 0.00124378, 0.0215502], 
              [0.833816, 0.00124378, 0.00124378, 0.163697], 
              [0.69167, 0.00124378, 0.163697, 0.14339], 
              [0.20431, 0.285536, 0.20431, 0.305843], 
              [0.0824706, 0.508909, 0.00124378, 0.407376], 
              [0.610443, 0.00124378, 0.38707, 0.00124378], 
              [0.00124378, 0.00124378, 0.00124378, 0.996269], 
              [0.732283, 0.26523, 0.00124378, 0.00124378], 
              [0.752589, 0.14339, 0.102777, 0.00124378]
            ]
          }, {
            "db": 0,
            "id": "15_motif_3",
            "len": 15,
            "nsites": 20,
            "pwm": [
              [0.00124378, 0.220149, 0.538557, 0.24005], 
              [0.00124378, 0.180348, 0.220149, 0.598259], 
              [0.00124378, 0.0211443, 0.24005, 0.737562], 
              [0.00124378, 0.140547, 0.0609453, 0.797264], 
              [0.00124378, 0.00124378, 0.996269, 0.00124378], 
              [0.00124378, 0.558458, 0.439055, 0.00124378], 
              [0.00124378, 0.24005, 0.518657, 0.24005], 
              [0.00124378, 0.00124378, 0.120647, 0.876866], 
              [0.160448, 0.0211443, 0.797264, 0.0211443], 
              [0.0211443, 0.00124378, 0.220149, 0.757463], 
              [0.100746, 0.0211443, 0.538557, 0.339552], 
              [0.00124378, 0.359453, 0.299751, 0.339552], 
              [0.25995, 0.00124378, 0.359453, 0.379353], 
              [0.0211443, 0.00124378, 0.65796, 0.319652], 
              [0.0211443, 0.120647, 0.618159, 0.24005]
            ]
          }, {
            "db": 0,
            "id": "16_motif_1",
            "len": 16,
            "nsites": 20,
            "pwm": [
              [0.00124378, 0.252997, 0.00124378, 0.744515], 
              [0.16908, 0.241009, 0.00124378, 0.588668], 
              [0.217032, 0.684574, 0.00124378, 0.0971502], 
              [0.00124378, 0.540715, 0.0252199, 0.432821], 
              [0.037209, 0.492762, 0.00124378, 0.468786], 
              [0.109138, 0.360892, 0.0731731, 0.456797], 
              [0.00124378, 0.924339, 0.00124378, 0.0731731], 
              [0.00124378, 0.00124378, 0.00124378, 0.996269], 
              [0.00124378, 0.720539, 0.00124378, 0.276973], 
              [0.049197, 0.205044, 0.00124378, 0.744515], 
              [0.00124378, 0.049197, 0.00124378, 0.948315], 
              [0.252997, 0.0132318, 0.0731731, 0.660598], 
              [0.636621, 0.037209, 0.0252199, 0.30095], 
              [0.360892, 0.312938, 0.00124378, 0.324926], 
              [0.00124378, 0.348903, 0.00124378, 0.648609], 
              [0.00124378, 0.0252199, 0.00124378, 0.972293]
            ]
          }, {
            "db": 0,
            "id": "16_motif_2",
            "len": 16,
            "nsites": 20,
            "pwm": [
              [0.0706637, 0.00124378, 0.128514, 0.799578], 
              [0.128514, 0.0706637, 0.741727, 0.0590945], 
              [0.0243841, 0.521897, 0.0822338, 0.371486], 
              [0.0243841, 0.00124378, 0.741727, 0.232645], 
              [0.0359542, 0.0822338, 0.359915, 0.521897], 
              [0.0243841, 0.105374, 0.383056, 0.487186], 
              [0.00124378, 0.116944, 0.186365, 0.695447], 
              [0.00124378, 0.093804, 0.0590945, 0.845858], 
              [0.00124378, 0.128514, 0.0243841, 0.845858], 
              [0.0359542, 0.348345, 0.105374, 0.510326], 
              [0.0243841, 0.440905, 0.174795, 0.359915], 
              [0.00124378, 0.093804, 0.197934, 0.707017], 
              [0.0128139, 0.00124378, 0.00124378, 0.984699], 
              [0.0475244, 0.0706637, 0.394626, 0.487186], 
              [0.00124378, 0.00124378, 0.093804, 0.903708], 
              [0.00124378, 0.0243841, 0.880568, 0.093804]
            ]
          }, {
            "db": 0,
            "id": "16_motif_3",
            "len": 16,
            "nsites": 20,
            "pwm": [
              [0.891529, 0.00124378, 0.00124378, 0.105983], 
              [0.105983, 0.0274289, 0.00124378, 0.865344], 
              [0.551126, 0.00124378, 0.446386, 0.00124378], 
              [0.184538, 0.446386, 0.105983, 0.263093], 
              [0.210722, 0.105983, 0.00124378, 0.682051], 
              [0.184538, 0.00124378, 0.00124378, 0.812974], 
              [0.079798, 0.00124378, 0.00124378, 0.917714], 
              [0.57731, 0.00124378, 0.00124378, 0.420202], 
              [0.996269, 0.00124378, 0.00124378, 0.00124378], 
              [0.00124378, 0.00124378, 0.00124378, 0.996269], 
              [0.236907, 0.00124378, 0.00124378, 0.760605], 
              [0.996269, 0.00124378, 0.00124378, 0.00124378], 
              [0.00124378, 0.00124378, 0.00124378, 0.996269], 
              [0.996269, 0.00124378, 0.00124378, 0.00124378], 
              [0.446386, 0.263093, 0.184538, 0.105983], 
              [0.00124378, 0.996269, 0.00124378, 0.00124378]
            ]
          }, {
            "db": 0,
            "id": "17_motif_1",
            "len": 16,
            "nsites": 20,
            "pwm": [
              [0.184328, 0.399254, 0.375373, 0.0410448], 
              [0.00124378, 0.66194, 0.23209, 0.104726], 
              [0.00124378, 0.00124378, 0.00920398, 0.988308], 
              [0.00124378, 0.486816, 0.00124378, 0.510697], 
              [0.0649254, 0.104726, 0.00124378, 0.829104], 
              [0.0251244, 0.399254, 0.00124378, 0.574378], 
              [0.00124378, 0.0410448, 0.00124378, 0.956468], 
              [0.00124378, 0.168408, 0.00124378, 0.829104], 
              [0.287811, 0.112687, 0.0171642, 0.582338], 
              [0.224129, 0.00124378, 0.112687, 0.66194], 
              [0.00124378, 0.144527, 0.120647, 0.733582], 
              [0.00124378, 0.0171642, 0.00124378, 0.980348], 
              [0.00124378, 0.0808458, 0.216169, 0.701741], 
              [0.208209, 0.00124378, 0.391294, 0.399254], 
              [0.590299, 0.00124378, 0.088806, 0.319652], 
              [0.0728856, 0.088806, 0.0410448, 0.797264]
            ]
          }, {
            "db": 0,
            "id": "17_motif_2",
            "len": 16,
            "nsites": 20,
            "pwm": [
              [0.80674, 0.096008, 0.00124378, 0.096008], 
              [0.901504, 0.096008, 0.00124378, 0.00124378], 
              [0.59352, 0.00124378, 0.403992, 0.00124378], 
              [0.261846, 0.00124378, 0.617212, 0.1197], 
              [0.167082, 0.00124378, 0.759358, 0.0723174], 
              [0.00124378, 0.285536, 0.711976, 0.00124378], 
              [0.096008, 0.00124378, 0.901504, 0.00124378], 
              [0.00124378, 0.00124378, 0.167082, 0.830431], 
              [0.3803, 0.00124378, 0.617212, 0.00124378], 
              [0.00124378, 0.00124378, 0.3803, 0.617212], 
              [0.00124378, 0.00124378, 0.854122, 0.14339], 
              [0.475065, 0.167082, 0.00124378, 0.35661], 
              [0.00124378, 0.00124378, 0.00124378, 0.996269], 
              [0.830431, 0.1197, 0.00124378, 0.0486259], 
              [0.167082, 0.00124378, 0.00124378, 0.830431], 
              [0.830431, 0.167082, 0.00124378, 0.00124378]
            ]
          }, {
            "db": 0,
            "id": "17_motif_3",
            "len": 16,
            "nsites": 20,
            "pwm": [
              [0.938586, 0.0589264, 0.00124378, 0.00124378], 
              [0.13103, 0.419443, 0.260816, 0.188712], 
              [0.462704, 0.102188, 0.405022, 0.0300856], 
              [0.520387, 0.433864, 0.0445055, 0.00124378], 
              [0.491546, 0.491546, 0.0156647, 0.00124378], 
              [0.376181, 0.275236, 0.0733473, 0.275236], 
              [0.967427, 0.00124378, 0.0300856, 0.00124378], 
              [0.275236, 0.376181, 0.203133, 0.145451], 
              [0.448284, 0.549229, 0.00124378, 0.00124378], 
              [0.246395, 0.736697, 0.00124378, 0.0156647], 
              [0.722277, 0.275236, 0.00124378, 0.00124378], 
              [0.36176, 0.635752, 0.00124378, 0.00124378], 
              [0.260816, 0.00124378, 0.736697, 0.00124378], 
              [0.00124378, 0.866483, 0.13103, 0.00124378], 
              [0.462704, 0.318499, 0.217553, 0.00124378], 
              [0.534808, 0.203133, 0.260816, 0.00124378]
            ]
          }, {
            "db": 0,
            "id": "18_motif_1",
            "len": 16,
            "nsites": 20,
            "pwm": [
              [0.0643085, 0.0152587, 0.148395, 0.772038], 
              [0.0222657, 0.0292726, 0.0292726, 0.919189], 
              [0.00124378, 0.00124378, 0.134381, 0.863131], 
              [0.00124378, 0.0502945, 0.00124378, 0.947218], 
              [0.190439, 0.00124378, 0.302554, 0.505763], 
              [0.148395, 0.309561, 0.225475, 0.316568], 
              [0.0432876, 0.183432, 0.0853303, 0.687951], 
              [0.0152587, 0.106352, 0.0152587, 0.863131], 
              [0.0993453, 0.309561, 0.00124378, 0.58985], 
              [0.00124378, 0.779045, 0.148395, 0.0713164], 
              [0.00124378, 0.46372, 0.0783234, 0.456712], 
              [0.00124378, 0.253503, 0.00124378, 0.744009], 
              [0.00825075, 0.561821, 0.00124378, 0.428684], 
              [0.0152587, 0.0432876, 0.190439, 0.751016], 
              [0.00124378, 0.33759, 0.211461, 0.449705], 
              [0.0573015, 0.0222657, 0.00124378, 0.919189]
            ]
          }, {
            "db": 0,
            "id": "18_motif_2",
            "len": 16,
            "nsites": 20,
            "pwm": [
              [0.996269, 0.00124378, 0.00124378, 0.00124378], 
              [0.00124378, 0.00124378, 0.00124378, 0.996269], 
              [0.383945, 0.00124378, 0.613567, 0.00124378], 
              [0.345676, 0.154324, 0.192595, 0.307405], 
              [0.211729, 0.269135, 0.00124378, 0.517892], 
              [0.192595, 0.00124378, 0.00124378, 0.804917], 
              [0.0395144, 0.00124378, 0.00124378, 0.957998], 
              [0.556161, 0.00124378, 0.00124378, 0.441351], 
              [0.996269, 0.00124378, 0.00124378, 0.00124378], 
              [0.00124378, 0.00124378, 0.00124378, 0.996269], 
              [0.0777841, 0.00124378, 0.00124378, 0.919728], 
              [0.996269, 0.00124378, 0.00124378, 0.00124378], 
              [0.00124378, 0.00124378, 0.00124378, 0.996269], 
              [0.996269, 0.00124378, 0.00124378, 0.00124378], 
              [0.345676, 0.192595, 0.345676, 0.116055], 
              [0.17346, 0.824053, 0.00124378, 0.00124378]
            ]
          }, {
            "db": 0,
            "id": "18_motif_3",
            "len": 15,
            "nsites": 20,
            "pwm": [
              [0.0802139, 0.00124378, 0.00124378, 0.917299], 
              [0.332918, 0.00124378, 0.664594, 0.00124378], 
              [0.475065, 0.269742, 0.127596, 0.127596], 
              [0.506654, 0.00124378, 0.411889, 0.0802139], 
              [0.127596, 0.00124378, 0.490859, 0.3803], 
              [0.00124378, 0.096008, 0.901504, 0.00124378], 
              [0.00124378, 0.00124378, 0.854122, 0.14339], 
              [0.096008, 0.475065, 0.427683, 0.00124378], 
              [0.190772, 0.00124378, 0.285536, 0.522448], 
              [0.22236, 0.00124378, 0.00124378, 0.775152], 
              [0.00124378, 0.00124378, 0.996269, 0.00124378], 
              [0.00124378, 0.00124378, 0.285536, 0.711976], 
              [0.56983, 0.00124378, 0.30133, 0.127596], 
              [0.72777, 0.00124378, 0.0486259, 0.22236], 
