MEME version 4

ALPHABET= ACGT

strands: + -

Background letter frequencies
A 0.25 C 0.25 G 0.25 T 0.25

MOTIF 96_motif_1
letter-probability matrix: alength= 4 w= 16 nsites= 20 E= 0
0.451220 0.012195 0.036585 0.500000
0.000000 0.000000 0.000000 1.000000
0.028455 0.000000 0.943089 0.028455
0.162602 0.703252 0.040650 0.093496
0.170732 0.000000 0.000000 0.829268
0.398374 0.487805 0.000000 0.113821
0.000000 0.000000 0.000000 1.000000
1.000000 0.000000 0.000000 0.000000
1.000000 0.000000 0.000000 0.000000
0.008130 0.000000 0.000000 0.991870
0.654472 0.020325 0.000000 0.325203
0.841463 0.000000 0.060976 0.097561
0.601626 0.000000 0.000000 0.398374
0.378049 0.024390 0.000000 0.597561
0.292683 0.166667 0.117886 0.422764
0.130081 0.227642 0.048780 0.593496

MOTIF 96_motif_2
letter-probability matrix: alength= 4 w= 13 nsites= 20 E= 0
0.571429 0.105820 0.294533 0.028219
0.754850 0.079365 0.067019 0.098765
0.860670 0.081129 0.000000 0.058201
0.968254 0.022928 0.005291 0.003527
0.022928 0.365079 0.102293 0.509700
0.911817 0.017637 0.054674 0.015873
0.927690 0.005291 0.067019 0.000000
0.962963 0.003527 0.010582 0.022928
1.000000 0.000000 0.000000 0.000000
0.987654 0.000000 0.012346 0.000000
0.885362 0.086420 0.024691 0.003527
0.537919 0.176367 0.273369 0.012346
0.181658 0.336861 0.380952 0.100529

MOTIF 96_motif_3
letter-probability matrix: alength= 4 w= 16 nsites= 20 E= 0
0.012903 0.772043 0.215054 0.000000
0.103226 0.735484 0.161290 0.000000
0.012903 0.419355 0.556989 0.010753
0.040860 0.468817 0.490323 0.000000
0.103226 0.369892 0.526882 0.000000
0.438710 0.451613 0.000000 0.109677
0.189247 0.387097 0.423656 0.000000
0.412903 0.309677 0.217204 0.060215
0.217204 0.253763 0.397849 0.131183
0.096774 0.260215 0.638710 0.004301
0.258065 0.397849 0.210753 0.133333
0.036559 0.445161 0.498925 0.019355
0.040860 0.541935 0.417204 0.000000
0.122581 0.260215 0.587097 0.030108
0.000000 0.460215 0.539785 0.000000
0.023656 0.662366 0.313978 0.000000

MOTIF 20_motif_1
letter-probability matrix: alength= 4 w= 16 nsites= 20 E= 0
0.488372 0.054264 0.116279 0.341085
0.775194 0.093023 0.000000 0.131783
0.170543 0.023256 0.000000 0.806202
0.000000 0.000000 0.000000 1.000000
0.131783 0.000000 0.868217 0.000000
0.000000 0.930233 0.000000 0.069767
0.224806 0.000000 0.000000 0.775194
0.038760 0.961240 0.000000 0.000000
0.000000 0.000000 0.000000 1.000000
1.000000 0.000000 0.000000 0.000000
1.000000 0.000000 0.000000 0.000000
0.023256 0.000000 0.000000 0.976744
0.627907 0.000000 0.054264 0.317829
0.852713 0.015504 0.046512 0.085271
0.720930 0.000000 0.000000 0.279070
0.093023 0.015504 0.054264 0.837209

MOTIF 20_motif_2
letter-probability matrix: alength= 4 w= 16 nsites= 20 E= 0
0.787879 0.000000 0.212121 0.000000
0.000000 0.000000 0.000000 1.000000
0.090909 0.000000 0.909091 0.000000
0.000000 0.000000 0.000000 1.000000
0.000000 0.060606 0.939394 0.000000
0.000000 0.242424 0.000000 0.757576
0.060606 0.000000 0.818182 0.121212
0.060606 0.833333 0.060606 0.045455
0.000000 0.000000 0.000000 1.000000
0.121212 0.000000 0.878788 0.000000
0.181818 0.060606 0.757576 0.000000
0.666667 0.242424 0.000000 0.090909
0.000000 0.000000 1.000000 0.000000
0.000000 0.000000 1.000000 0.000000
0.000000 0.000000 1.000000 0.000000
0.787879 0.030303 0.060606 0.121212

MOTIF 20_motif_3
letter-probability matrix: alength= 4 w= 16 nsites= 20 E= 0
1.000000 0.000000 0.000000 0.000000
0.000000 1.000000 0.000000 0.000000
1.000000 0.000000 0.000000 0.000000
0.888889 0.000000 0.000000 0.111111
0.174603 0.000000 0.825397 0.000000
0.047619 0.000000 0.000000 0.952381
0.000000 0.000000 0.888889 0.111111
0.888889 0.111111 0.000000 0.000000
0.000000 0.888889 0.000000 0.111111
0.000000 0.000000 0.000000 1.000000
0.285714 0.047619 0.000000 0.666667
0.142857 0.158730 0.476190 0.222222
0.111111 0.492063 0.000000 0.396825
0.253968 0.222222 0.523810 0.000000
0.111111 0.000000 0.174603 0.714286
0.000000 0.111111 0.000000 0.888889

MOTIF 26_motif_1
letter-probability matrix: alength= 4 w= 15 nsites= 20 E= 0
0.752137 0.102564 0.000000 0.145299
0.170940 0.025641 0.000000 0.803419
0.000000 0.000000 0.000000 1.000000
0.059829 0.000000 0.940171 0.000000
0.000000 1.000000 0.000000 0.000000
0.247863 0.000000 0.000000 0.752137
0.042735 0.957265 0.000000 0.000000
0.000000 0.000000 0.000000 1.000000
1.000000 0.000000 0.000000 0.000000
1.000000 0.000000 0.000000 0.000000
0.000000 0.000000 0.000000 1.000000
0.649573 0.000000 0.059829 0.290598
0.863248 0.017094 0.051282 0.068376
0.717949 0.000000 0.000000 0.282051
0.102564 0.000000 0.000000 0.897436

MOTIF 26_motif_2
letter-probability matrix: alength= 4 w= 16 nsites= 20 E= 0
0.838710 0.000000 0.161290 0.000000
0.000000 0.000000 0.000000 1.000000
0.096774 0.000000 0.903226 0.000000
0.000000 0.000000 0.000000 1.000000
0.000000 0.000000 1.000000 0.000000
0.000000 0.258065 0.000000 0.741935
0.064516 0.000000 0.870968 0.064516
0.064516 0.822581 0.064516 0.048387
0.000000 0.000000 0.000000 1.000000
0.064516 0.000000 0.935484 0.000000
0.129032 0.064516 0.806452 0.000000
0.645161 0.258065 0.000000 0.096774
0.000000 0.000000 1.000000 0.000000
0.000000 0.000000 1.000000 0.000000
0.000000 0.000000 1.000000 0.000000
0.774194 0.032258 0.064516 0.129032

MOTIF 26_motif_3
letter-probability matrix: alength= 4 w= 15 nsites= 20 E= 0
0.198068 0.000000 0.000000 0.801932
0.178744 0.009662 0.004831 0.806763
0.009662 0.062802 0.043478 0.884058
0.173913 0.000000 0.057971 0.768116
0.000000 0.000000 0.000000 1.000000
0.154589 0.004831 0.000000 0.840580
0.367150 0.000000 0.024155 0.608696
0.739130 0.140097 0.000000 0.120773
0.285024 0.000000 0.053140 0.661836
0.033816 0.106280 0.000000 0.859903
0.357488 0.038647 0.169082 0.434783
0.396135 0.082126 0.000000 0.521739
0.309179 0.028986 0.140097 0.521739
0.299517 0.000000 0.000000 0.700483
0.183575 0.024155 0.067633 0.724638

MOTIF 93_motif_1
letter-probability matrix: alength= 4 w= 16 nsites= 20 E= 0
0.385 0.015 0.035 0.565
0.000 0.000 0.000 1.000
0.035 0.000 0.960 0.005
0.150 0.725 0.045 0.080
0.210 0.000 0.000 0.790
0.405 0.595 0.000 0.000
0.000 0.000 0.000 1.000
1.000 0.000 0.000 0.000
1.000 0.000 0.000 0.000
0.010 0.000 0.000 0.990
0.705 0.025 0.000 0.270
0.860 0.000 0.065 0.075
0.660 0.000 0.000 0.340
0.280 0.020 0.000 0.700
0.305 0.185 0.065 0.445
0.110 0.180 0.060 0.650

MOTIF 93_motif_2
letter-probability matrix: alength= 4 w= 15 nsites= 20 E= 0
0.359589 0.207192 0.287671 0.145548
0.542808 0.101027 0.304795 0.051370
0.755137 0.083904 0.061644 0.099315
0.815068 0.085616 0.000000 0.099315
0.970890 0.015411 0.003425 0.010274
0.025685 0.349315 0.101027 0.523973
0.905822 0.020548 0.056507 0.017123
0.931507 0.005137 0.061644 0.001712
0.964041 0.008562 0.008562 0.018836
1.000000 0.000000 0.000000 0.000000
0.988014 0.000000 0.011986 0.000000
0.885274 0.080479 0.029110 0.005137
0.561644 0.157534 0.268836 0.011986
0.184932 0.354452 0.366438 0.094178
0.296233 0.467466 0.190068 0.046233

MOTIF 93_motif_3
letter-probability matrix: alength= 4 w= 16 nsites= 20 E= 0
0.007264 0.593220 0.394673 0.004843
0.053269 0.924939 0.021792 0.000000
0.099274 0.491525 0.409201 0.000000
0.021792 0.409201 0.537530 0.031477
0.004843 0.312349 0.680387 0.002421
0.375303 0.556901 0.060533 0.007264
0.397094 0.140436 0.457627 0.004843
0.249395 0.239709 0.358354 0.152542
0.227603 0.319613 0.380145 0.072639
0.193705 0.171913 0.508475 0.125908
0.128329 0.317191 0.474576 0.079903
0.096852 0.276029 0.624697 0.002421
0.002421 0.600484 0.397094 0.000000
0.070218 0.481840 0.414044 0.033898
0.002421 0.326877 0.670702 0.000000
0.043584 0.612591 0.343826 0.000000

MOTIF 56_motif_1
letter-probability matrix: alength= 4 w= 15 nsites= 20 E= 0
0.756303 0.100840 0.000000 0.142857
0.168067 0.042017 0.000000 0.789916
0.000000 0.000000 0.000000 1.000000
0.050420 0.000000 0.949580 0.000000
0.000000 1.000000 0.000000 0.000000
0.243697 0.000000 0.000000 0.756303
0.033613 0.966387 0.000000 0.000000
0.000000 0.000000 0.000000 1.000000
1.000000 0.000000 0.000000 0.000000
0.991597 0.000000 0.000000 0.008403
0.000000 0.000000 0.000000 1.000000
0.655462 0.000000 0.058824 0.285714
0.848739 0.016807 0.050420 0.084034
0.705882 0.000000 0.000000 0.294118
0.100840 0.000000 0.000000 0.899160

MOTIF 56_motif_2
letter-probability matrix: alength= 4 w= 15 nsites= 20 E= 0
0.000000 0.622419 0.377581 0.000000
0.005900 0.849558 0.144543 0.000000
0.041298 0.519174 0.427729 0.011799
0.011799 0.710914 0.277286 0.000000
0.076696 0.115044 0.719764 0.088496
0.330383 0.648968 0.020649 0.000000
0.463127 0.401180 0.109145 0.026549
0.035398 0.336283 0.398230 0.230088
0.058997 0.522124 0.392330 0.026549
0.277286 0.188791 0.395280 0.138643
0.058997 0.395280 0.522124 0.023599
0.061947 0.421829 0.510324 0.005900
0.005900 0.660767 0.321534 0.011799
0.005900 0.339233 0.654867 0.000000
0.000000 0.280236 0.707965 0.011799

MOTIF 56_motif_3
letter-probability matrix: alength= 4 w= 15 nsites= 20 E= 0
0.557522 0.221239 0.221239 0.000000
0.000000 0.000000 0.203540 0.796460
0.053097 0.053097 0.814159 0.079646
0.159292 0.000000 0.000000 0.840708
0.000000 0.000000 0.929204 0.070796
0.000000 0.292035 0.053097 0.654867
0.035398 0.150442 0.778761 0.035398
0.150442 0.699115 0.123894 0.026549
0.000000 0.061947 0.017699 0.920354
0.035398 0.035398 0.929204 0.000000
0.097345 0.035398 0.867257 0.000000
0.548673 0.256637 0.000000 0.194690
0.000000 0.000000 1.000000 0.000000
0.000000 0.070796 0.929204 0.000000
0.079646 0.000000 0.867257 0.053097

MOTIF 98_motif_1
letter-probability matrix: alength= 4 w= 11 nsites= 20 E= 0
0.000000 0.231132 0.061321 0.707547
0.000000 0.030660 0.000000 0.969340
0.000000 0.082547 0.000000 0.917453
0.000000 0.000000 0.000000 1.000000
0.000000 0.007075 0.000000 0.992925
0.000000 0.049528 0.000000 0.950472
0.058962 0.004717 0.030660 0.905660
0.613208 0.056604 0.320755 0.009434
0.000000 0.000000 0.000000 1.000000
0.110849 0.000000 0.000000 0.889151
0.082547 0.000000 0.035377 0.882075

MOTIF 98_motif_2
letter-probability matrix: alength= 4 w= 15 nsites= 20 E= 0
0.422764 0.097561 0.000000 0.479675
0.459350 0.020325 0.020325 0.500000
0.000000 0.000000 0.000000 1.000000
0.044715 0.000000 0.947154 0.008130
0.150407 0.743902 0.004065 0.101626
0.182927 0.000000 0.000000 0.817073
0.329268 0.552846 0.000000 0.117886
0.000000 0.000000 0.000000 1.000000
1.000000 0.000000 0.000000 0.000000
0.991870 0.000000 0.000000 0.008130
0.008130 0.000000 0.000000 0.991870
0.621951 0.020325 0.032520 0.325203
0.833333 0.012195 0.040650 0.113821
0.589431 0.000000 0.000000 0.410569
0.333333 0.012195 0.000000 0.654472

MOTIF 98_motif_3
letter-probability matrix: alength= 4 w= 16 nsites= 20 E= 0
0.032323 0.561616 0.400000 0.006061
0.042424 0.903030 0.054545 0.000000
0.080808 0.628283 0.290909 0.000000
0.028283 0.397980 0.555556 0.018182
0.012121 0.262626 0.703030 0.022222
0.383838 0.573737 0.032323 0.010101
0.395960 0.161616 0.438384 0.004040
0.246465 0.222222 0.359596 0.171717
0.212121 0.317172 0.391919 0.078788
0.252525 0.151515 0.507071 0.088889
0.121212 0.353535 0.432323 0.092929
0.129293 0.248485 0.597980 0.024242
0.004040 0.509091 0.486869 0.000000
0.080808 0.513131 0.373737 0.032323
0.002020 0.331313 0.666667 0.000000
0.066667 0.545455 0.387879 0.000000

MOTIF 6_motif_1
letter-probability matrix: alength= 4 w= 16 nsites= 20 E= 0
0.083333 0.083333 0.000000 0.833333
0.000000 1.000000 0.000000 0.000000
0.000000 1.000000 0.000000 0.000000
0.000000 1.000000 0.000000 0.000000
0.000000 0.000000 0.333333 0.666667
0.000000 0.750000 0.083333 0.166667
0.000000 1.000000 0.000000 0.000000
1.000000 0.000000 0.000000 0.000000
0.062500 0.000000 0.937500 0.000000
0.000000 0.916667 0.000000 0.083333
0.833333 0.000000 0.166667 0.000000
0.000000 1.000000 0.000000 0.000000
1.000000 0.000000 0.000000 0.000000
0.000000 1.000000 0.000000 0.000000
1.000000 0.000000 0.000000 0.000000
0.000000 0.083333 0.000000 0.916667

MOTIF 6_motif_2
letter-probability matrix: alength= 4 w= 16 nsites= 20 E= 0
0.520833 0.0 0.0 0.479167
0.812500 0.0 0.0 0.187500
0.083333 0.0 0.0 0.916667
0.000000 0.0 0.0 1.000000
0.000000 0.0 1.0 0.000000
0.000000 1.0 0.0 0.000000
0.083333 0.0 0.0 0.916667
0.000000 1.0 0.0 0.000000
0.000000 0.0 0.0 1.000000
1.000000 0.0 0.0 0.000000
1.000000 0.0 0.0 0.000000
0.000000 0.0 0.0 1.000000
0.875000 0.0 0.0 0.125000
1.000000 0.0 0.0 0.000000
0.666667 0.0 0.0 0.333333
0.000000 0.0 0.0 1.000000

MOTIF 6_motif_3
letter-probability matrix: alength= 4 w= 16 nsites= 20 E= 0
0.687500 0.000000 0.062500 0.250000
0.791667 0.000000 0.000000 0.208333
0.250000 0.000000 0.000000 0.750000
0.125000 0.125000 0.041667 0.708333
0.458333 0.125000 0.000000 0.416667
1.000000 0.000000 0.000000 0.000000
0.000000 0.000000 0.000000 1.000000
0.000000 0.000000 0.000000 1.000000
1.000000 0.000000 0.000000 0.000000
0.000000 0.000000 0.916667 0.083333
0.625000 0.000000 0.000000 0.375000
0.000000 0.000000 1.000000 0.000000
0.000000 0.895833 0.000000 0.104167
1.000000 0.000000 0.000000 0.000000
0.729167 0.000000 0.041667 0.229167
0.000000 0.000000 0.229167 0.770833

MOTIF 5_motif_1
letter-probability matrix: alength= 4 w= 16 nsites= 20 E= 0
0.900 0.000 0.100 0.000
0.000 0.000 0.000 1.000
0.000 0.000 1.000 0.000
0.000 0.000 0.000 1.000
0.000 0.000 1.000 0.000
0.000 0.175 0.000 0.825
0.075 0.000 0.925 0.000
0.000 1.000 0.000 0.000
0.000 0.000 0.000 1.000
0.000 0.000 1.000 0.000
0.025 0.100 0.875 0.000
0.775 0.225 0.000 0.000
0.000 0.000 1.000 0.000
0.000 0.000 1.000 0.000
0.000 0.000 1.000 0.000
0.900 0.000 0.100 0.000

MOTIF 5_motif_2
letter-probability matrix: alength= 4 w= 16 nsites= 20 E= 0
0.500 0.0 0.0 0.500
0.825 0.0 0.0 0.175
0.100 0.0 0.0 0.900
0.000 0.0 0.0 1.000
0.000 0.0 1.0 0.000
0.000 1.0 0.0 0.000
0.075 0.0 0.0 0.925
0.000 1.0 0.0 0.000
0.000 0.0 0.0 1.000
1.000 0.0 0.0 0.000
1.000 0.0 0.0 0.000
0.000 0.0 0.0 1.000
0.875 0.0 0.0 0.125
1.000 0.0 0.0 0.000
0.675 0.0 0.0 0.325
0.000 0.0 0.0 1.000

MOTIF 5_motif_3
letter-probability matrix: alength= 4 w= 15 nsites= 20 E= 0
0.150 0.125 0.500 0.225
0.000 0.250 0.125 0.625
0.000 0.250 0.000 0.750
0.500 0.000 0.500 0.000
1.000 0.000 0.000 0.000
0.000 0.875 0.125 0.000
1.000 0.000 0.000 0.000
0.875 0.000 0.000 0.125
0.125 0.000 0.875 0.000
0.000 0.000 0.000 1.000
0.000 0.000 0.750 0.250
1.000 0.000 0.000 0.000
0.000 0.875 0.000 0.125
0.000 0.000 0.000 1.000
0.250 0.000 0.000 0.750

MOTIF 52_motif_1
letter-probability matrix: alength= 4 w= 15 nsites= 20 E= 0
0.728 0.096 0.000 0.176
0.160 0.040 0.000 0.800
0.000 0.000 0.000 1.000
0.064 0.000 0.920 0.016
0.000 1.000 0.000 0.000
0.240 0.000 0.000 0.760
0.048 0.952 0.000 0.000
0.000 0.000 0.000 1.000
0.992 0.000 0.000 0.008
0.992 0.000 0.000 0.008
0.000 0.000 0.000 1.000
0.632 0.000 0.064 0.304
0.840 0.016 0.048 0.096
0.704 0.000 0.000 0.296
0.104 0.000 0.000 0.896

MOTIF 52_motif_2
letter-probability matrix: alength= 4 w= 16 nsites= 20 E= 0
0.051852 0.380247 0.558025 0.009877
0.002469 0.829630 0.167901 0.000000
0.051852 0.548148 0.372840 0.027160
0.101235 0.348148 0.535802 0.014815
0.017284 0.486420 0.407407 0.088889
0.180247 0.325926 0.422222 0.071605
0.079012 0.513580 0.187654 0.219753
0.071605 0.338272 0.587654 0.002469
0.503704 0.259259 0.217284 0.019753
0.086420 0.093827 0.362963 0.456790
0.002469 0.054321 0.745679 0.197531
0.140741 0.634568 0.150617 0.074074
0.012346 0.446914 0.538272 0.002469
0.000000 0.372840 0.627160 0.000000
0.000000 0.170370 0.814815 0.014815
0.000000 0.479012 0.520988 0.000000

MOTIF 52_motif_3
letter-probability matrix: alength= 4 w= 16 nsites= 20 E= 0
0.269231 0.115385 0.019231 0.596154
0.019231 0.913462 0.000000 0.067308
0.000000 0.875000 0.125000 0.000000
0.000000 1.000000 0.000000 0.000000
0.144231 0.000000 0.278846 0.576923
0.000000 0.855769 0.038462 0.105769
0.000000 0.923077 0.038462 0.038462
0.932692 0.067308 0.000000 0.000000
0.028846 0.086538 0.730769 0.153846
0.038462 0.711538 0.153846 0.096154
0.644231 0.057692 0.298077 0.000000
0.057692 0.942308 0.000000 0.000000
0.817308 0.000000 0.000000 0.182692
0.096154 0.846154 0.000000 0.057692
0.846154 0.153846 0.000000 0.000000
0.000000 0.173077 0.240385 0.586538

MOTIF 12_motif_1
letter-probability matrix: alength= 4 w= 16 nsites= 20 E= 0
0.562500 0.000000 0.270833 0.166667
0.927083 0.000000 0.000000 0.072917
0.229167 0.000000 0.000000 0.770833
0.083333 0.062500 0.000000 0.854167
0.156250 0.072917 0.000000 0.770833
1.000000 0.000000 0.000000 0.000000
0.000000 0.000000 0.000000 1.000000
0.000000 0.000000 0.000000 1.000000
1.000000 0.000000 0.000000 0.000000
0.000000 0.000000 1.000000 0.000000
0.791667 0.000000 0.000000 0.208333
0.000000 0.000000 1.000000 0.000000
0.000000 0.937500 0.000000 0.062500
1.000000 0.000000 0.000000 0.000000
0.854167 0.000000 0.031250 0.114583
0.166667 0.000000 0.031250 0.802083

MOTIF 12_motif_2
letter-probability matrix: alength= 4 w= 16 nsites= 20 E= 0
0.119403 0.059701 0.029851 0.791045
0.000000 1.000000 0.000000 0.000000
0.000000 0.985075 0.000000 0.014925
0.000000 1.000000 0.000000 0.000000
0.089552 0.000000 0.253731 0.656716
0.000000 0.761194 0.059701 0.179104
0.000000 0.865672 0.000000 0.134328
1.000000 0.000000 0.000000 0.000000
0.044776 0.059701 0.820896 0.074627
0.119403 0.820896 0.000000 0.059701
0.746269 0.000000 0.253731 0.000000
0.000000 0.940299 0.059701 0.000000
1.000000 0.000000 0.000000 0.000000
0.000000 0.895522 0.000000 0.104478
1.000000 0.000000 0.000000 0.000000
0.000000 0.208955 0.000000 0.791045

MOTIF 12_motif_3
letter-probability matrix: alength= 4 w= 16 nsites= 20 E= 0
0.934211 0.065789 0.000000 0.000000
0.157895 0.842105 0.000000 0.000000
1.000000 0.000000 0.000000 0.000000
0.815789 0.000000 0.000000 0.184211
0.144737 0.000000 0.855263 0.000000
0.065789 0.000000 0.000000 0.934211
0.000000 0.000000 0.907895 0.092105
0.907895 0.092105 0.000000 0.000000
0.000000 0.815789 0.000000 0.184211
0.000000 0.000000 0.000000 1.000000
0.250000 0.184211 0.000000 0.565789
0.118421 0.157895 0.486842 0.236842
0.092105 0.513158 0.000000 0.394737
0.236842 0.184211 0.578947 0.000000
0.236842 0.000000 0.157895 0.605263
0.000000 0.105263 0.000000 0.894737

MOTIF 55_motif_1
letter-probability matrix: alength= 4 w= 16 nsites= 20 E= 0
0.583333 0.000000 0.216667 0.200000
0.900000 0.000000 0.000000 0.100000
0.300000 0.000000 0.000000 0.700000
0.083333 0.050000 0.016667 0.850000
0.291667 0.058333 0.000000 0.650000
1.000000 0.000000 0.000000 0.000000
0.008333 0.000000 0.000000 0.991667
0.000000 0.000000 0.000000 1.000000
1.000000 0.000000 0.000000 0.000000
0.000000 0.000000 0.966667 0.033333
0.758333 0.000000 0.000000 0.241667
0.000000 0.000000 1.000000 0.000000
0.008333 0.941667 0.000000 0.050000
1.000000 0.000000 0.000000 0.000000
0.791667 0.000000 0.041667 0.166667
0.150000 0.000000 0.100000 0.750000

MOTIF 55_motif_2
letter-probability matrix: alength= 4 w= 15 nsites= 20 E= 0
0.000000 0.597826 0.402174 0.000000
0.005435 0.842391 0.152174 0.000000
0.035326 0.535326 0.418478 0.010870
0.013587 0.676630 0.309783 0.000000
0.073370 0.116848 0.714674 0.095109
0.326087 0.654891 0.019022 0.000000
0.442935 0.399457 0.103261 0.054348
0.035326 0.320652 0.407609 0.236413
0.062500 0.524457 0.385870 0.027174
0.271739 0.179348 0.394022 0.154891
0.067935 0.410326 0.497283 0.024457
0.067935 0.415761 0.510870 0.005435
0.005435 0.663043 0.317935 0.013587
0.010870 0.347826 0.641304 0.000000
0.000000 0.296196 0.692935 0.010870

MOTIF 55_motif_3
letter-probability matrix: alength= 4 w= 16 nsites= 20 E= 0
0.088496 0.212389 0.460177 0.238938
0.557522 0.221239 0.221239 0.000000
0.000000 0.000000 0.203540 0.796460
0.053097 0.053097 0.814159 0.079646
0.159292 0.000000 0.000000 0.840708
0.000000 0.000000 0.929204 0.070796
0.000000 0.292035 0.053097 0.654867
0.035398 0.150442 0.778761 0.035398
0.150442 0.699115 0.123894 0.026549
0.000000 0.061947 0.017699 0.920354
0.035398 0.035398 0.929204 0.000000
0.097345 0.035398 0.867257 0.000000
0.548673 0.256637 0.000000 0.194690
0.000000 0.000000 1.000000 0.000000
0.000000 0.070796 0.929204 0.000000
0.079646 0.000000 0.867257 0.053097

MOTIF 76_motif_1
letter-probability matrix: alength= 4 w= 15 nsites= 20 E= 0
0.048218 0.197065 0.000000 0.754717
0.079665 0.020964 0.008386 0.890985
0.157233 0.056604 0.010482 0.775681
0.023061 0.004193 0.000000 0.972746
0.016771 0.020964 0.025157 0.937107
0.012579 0.010482 0.006289 0.970650
0.064990 0.012579 0.010482 0.911950
0.744235 0.127883 0.125786 0.002096
0.136268 0.020964 0.006289 0.836478
0.180294 0.023061 0.000000 0.796646
0.100629 0.025157 0.006289 0.867925
0.157233 0.144654 0.067086 0.631027
0.238994 0.188679 0.102725 0.469602
0.274633 0.111111 0.000000 0.614256
0.140461 0.119497 0.025157 0.714885

MOTIF 76_motif_2
letter-probability matrix: alength= 4 w= 16 nsites= 20 E= 0
0.043902 0.517073 0.439024 0.000000
0.029268 0.924390 0.046341 0.000000
0.070732 0.585366 0.343902 0.000000
0.019512 0.380488 0.592683 0.007317
0.004878 0.304878 0.668293 0.021951
0.363415 0.573171 0.056098 0.007317
0.495122 0.160976 0.343902 0.000000
0.265854 0.200000 0.324390 0.209756
0.107317 0.363415 0.421951 0.107317
0.263415 0.146341 0.541463 0.048780
0.109756 0.363415 0.426829 0.100000
0.126829 0.304878 0.560976 0.007317
0.021951 0.517073 0.460976 0.000000
0.075610 0.543902 0.358537 0.021951
0.000000 0.190244 0.809756 0.000000
0.073171 0.604878 0.321951 0.000000

MOTIF 76_motif_3
letter-probability matrix: alength= 4 w= 16 nsites= 20 E= 0
0.329114 0.037975 0.000000 0.632911
0.000000 0.000000 0.000000 1.000000
0.044304 0.000000 0.943038 0.012658
0.094937 0.905063 0.000000 0.000000
0.202532 0.000000 0.000000 0.797468
0.189873 0.810127 0.000000 0.000000
0.000000 0.012658 0.000000 0.987342
1.000000 0.000000 0.000000 0.000000
0.917722 0.000000 0.075949 0.006329
0.012658 0.000000 0.000000 0.987342
0.575949 0.012658 0.056962 0.354430
0.740506 0.075949 0.069620 0.113924
0.632911 0.000000 0.000000 0.367089
0.151899 0.018987 0.000000 0.829114
0.265823 0.208861 0.006329 0.518987
0.126582 0.183544 0.132911 0.556962

MOTIF 25_motif_1
letter-probability matrix: alength= 4 w= 16 nsites= 20 E= 0
0.488372 0.054264 0.116279 0.341085
0.775194 0.093023 0.000000 0.131783
0.170543 0.023256 0.000000 0.806202
0.000000 0.000000 0.000000 1.000000
0.131783 0.000000 0.868217 0.000000
0.000000 0.930233 0.000000 0.069767
0.224806 0.000000 0.000000 0.775194
0.038760 0.961240 0.000000 0.000000
0.000000 0.000000 0.000000 1.000000
1.000000 0.000000 0.000000 0.000000
1.000000 0.000000 0.000000 0.000000
0.023256 0.000000 0.000000 0.976744
0.627907 0.000000 0.054264 0.317829
0.852713 0.015504 0.046512 0.085271
0.720930 0.000000 0.000000 0.279070
0.093023 0.015504 0.054264 0.837209

MOTIF 25_motif_2
letter-probability matrix: alength= 4 w= 16 nsites= 20 E= 0
0.838710 0.000000 0.161290 0.000000
0.000000 0.000000 0.000000 1.000000
0.096774 0.000000 0.903226 0.000000
0.000000 0.000000 0.000000 1.000000
0.000000 0.000000 1.000000 0.000000
0.000000 0.258065 0.000000 0.741935
0.064516 0.000000 0.870968 0.064516
0.064516 0.822581 0.064516 0.048387
0.000000 0.000000 0.000000 1.000000
0.064516 0.000000 0.935484 0.000000
0.129032 0.064516 0.806452 0.000000
0.645161 0.258065 0.000000 0.096774
0.000000 0.000000 1.000000 0.000000
0.000000 0.000000 1.000000 0.000000
0.000000 0.000000 1.000000 0.000000
0.774194 0.032258 0.064516 0.129032

MOTIF 25_motif_3
letter-probability matrix: alength= 4 w= 16 nsites= 20 E= 0
1.000000 0.000000 0.000000 0.000000
0.000000 1.000000 0.000000 0.000000
1.000000 0.000000 0.000000 0.000000
0.888889 0.000000 0.000000 0.111111
0.174603 0.000000 0.825397 0.000000
0.047619 0.000000 0.000000 0.952381
0.000000 0.000000 0.888889 0.111111
0.888889 0.111111 0.000000 0.000000
0.000000 0.888889 0.000000 0.111111
0.000000 0.000000 0.000000 1.000000
0.285714 0.047619 0.000000 0.666667
0.142857 0.158730 0.476190 0.222222
0.111111 0.492063 0.000000 0.396825
0.253968 0.222222 0.523810 0.000000
0.111111 0.000000 0.174603 0.714286
0.000000 0.111111 0.000000 0.888889

MOTIF 15_motif_1
letter-probability matrix: alength= 4 w= 16 nsites= 20 E= 0
0.581197 0.000000 0.222222 0.196581
0.897436 0.000000 0.000000 0.102564
0.282051 0.000000 0.000000 0.717949
0.068376 0.051282 0.017094 0.863248
0.290598 0.059829 0.000000 0.649573
1.000000 0.000000 0.000000 0.000000
0.000000 0.000000 0.000000 1.000000
0.000000 0.000000 0.000000 1.000000
1.000000 0.000000 0.000000 0.000000
0.000000 0.000000 0.957265 0.042735
0.752137 0.000000 0.000000 0.247863
0.000000 0.000000 1.000000 0.000000
0.000000 0.940171 0.000000 0.059829
1.000000 0.000000 0.000000 0.000000
0.803419 0.000000 0.025641 0.170940
0.145299 0.000000 0.102564 0.752137

MOTIF 15_motif_2
letter-probability matrix: alength= 4 w= 16 nsites= 20 E= 0
0.787879 0.000000 0.212121 0.000000
0.000000 0.000000 0.000000 1.000000
0.090909 0.000000 0.909091 0.000000
0.000000 0.000000 0.000000 1.000000
0.000000 0.060606 0.939394 0.000000
0.000000 0.242424 0.000000 0.757576
0.060606 0.000000 0.818182 0.121212
0.060606 0.833333 0.060606 0.045455
0.000000 0.000000 0.000000 1.000000
0.121212 0.000000 0.878788 0.000000
0.181818 0.060606 0.757576 0.000000
0.666667 0.242424 0.000000 0.090909
0.000000 0.000000 1.000000 0.000000
0.000000 0.000000 1.000000 0.000000
0.000000 0.000000 1.000000 0.000000
0.787879 0.030303 0.060606 0.121212

MOTIF 15_motif_3
letter-probability matrix: alength= 4 w= 16 nsites= 20 E= 0
1.000000 0.000000 0.000000 0.000000
0.000000 1.000000 0.000000 0.000000
1.000000 0.000000 0.000000 0.000000
0.893939 0.000000 0.000000 0.106061
0.212121 0.000000 0.787879 0.000000
0.045455 0.000000 0.000000 0.954545
0.000000 0.000000 0.893939 0.106061
0.893939 0.106061 0.000000 0.000000
0.000000 0.893939 0.000000 0.106061
0.045455 0.000000 0.000000 0.954545
0.318182 0.045455 0.000000 0.636364
0.136364 0.196970 0.454545 0.212121
0.106061 0.469697 0.000000 0.424242
0.242424 0.257576 0.500000 0.000000
0.106061 0.000000 0.212121 0.681818
0.000000 0.106061 0.000000 0.893939

MOTIF 38_motif_1
letter-probability matrix: alength= 4 w= 16 nsites= 20 E= 0
0.467742 0.056452 0.120968 0.354839
0.750000 0.096774 0.000000 0.153226
0.161290 0.040323 0.000000 0.798387
0.000000 0.000000 0.000000 1.000000
0.064516 0.000000 0.927419 0.008065
0.000000 0.975806 0.000000 0.024194
0.241935 0.000000 0.000000 0.758065
0.040323 0.943548 0.000000 0.016129
0.000000 0.000000 0.000000 1.000000
1.000000 0.000000 0.000000 0.000000
1.000000 0.000000 0.000000 0.000000
0.000000 0.000000 0.000000 1.000000
0.637097 0.000000 0.056452 0.306452
0.838710 0.016129 0.048387 0.096774
0.709677 0.000000 0.000000 0.290323
0.104839 0.000000 0.000000 0.895161

MOTIF 38_motif_2
letter-probability matrix: alength= 4 w= 16 nsites= 20 E= 0
0.009967 0.365449 0.624585 0.000000
0.000000 0.810631 0.189369 0.000000
0.013289 0.631229 0.318937 0.036545
0.073090 0.299003 0.614618 0.013289
0.029900 0.468439 0.358804 0.142857
0.146179 0.345515 0.455150 0.053156
0.013289 0.697674 0.076412 0.212625
0.023256 0.465116 0.451827 0.059801
0.312292 0.352159 0.242525 0.093023
0.102990 0.096346 0.275748 0.524917
0.000000 0.073090 0.657807 0.269103
0.036545 0.734219 0.209302 0.019934
0.006645 0.318937 0.664452 0.009967
0.000000 0.372093 0.627907 0.000000
0.000000 0.179402 0.790698 0.029900
0.019934 0.418605 0.541528 0.019934

MOTIF 38_motif_3
letter-probability matrix: alength= 4 w= 16 nsites= 20 E= 0
0.121951 0.048780 0.609756 0.219512
0.719512 0.073171 0.207317 0.000000
0.000000 0.000000 0.060976 0.939024
0.073171 0.000000 0.926829 0.000000
0.134146 0.000000 0.000000 0.865854
0.000000 0.000000 0.926829 0.073171
0.000000 0.256098 0.073171 0.670732
0.048780 0.060976 0.841463 0.048780
0.073171 0.804878 0.085366 0.036585
0.000000 0.048780 0.000000 0.951220
0.048780 0.000000 0.951220 0.000000
0.134146 0.048780 0.817073 0.000000
0.597561 0.219512 0.000000 0.182927
0.000000 0.000000 1.000000 0.000000
0.000000 0.000000 1.000000 0.000000
0.060976 0.000000 0.865854 0.073171

MOTIF 54_motif_1
letter-probability matrix: alength= 4 w= 16 nsites= 20 E= 0
0.583333 0.000000 0.216667 0.200000
0.900000 0.000000 0.000000 0.100000
0.300000 0.000000 0.000000 0.700000
0.083333 0.050000 0.016667 0.850000
0.291667 0.058333 0.000000 0.650000
1.000000 0.000000 0.000000 0.000000
0.008333 0.000000 0.000000 0.991667
0.000000 0.000000 0.000000 1.000000
1.000000 0.000000 0.000000 0.000000
0.000000 0.000000 0.966667 0.033333
0.758333 0.000000 0.000000 0.241667
0.000000 0.000000 1.000000 0.000000
0.008333 0.941667 0.000000 0.050000
1.000000 0.000000 0.000000 0.000000
0.791667 0.000000 0.041667 0.166667
0.150000 0.000000 0.100000 0.750000

MOTIF 54_motif_2
letter-probability matrix: alength= 4 w= 16 nsites= 20 E= 0
0.041958 0.496503 0.426573 0.034965
0.025641 0.818182 0.156177 0.000000
0.032634 0.706294 0.261072 0.000000
0.030303 0.510490 0.438228 0.020979
0.000000 0.310023 0.682984 0.006993
0.172494 0.571096 0.256410 0.000000
0.538462 0.139860 0.242424 0.079254
0.165501 0.251748 0.379953 0.202797
0.160839 0.403263 0.405594 0.030303
0.310023 0.006993 0.622378 0.060606
0.030303 0.244755 0.641026 0.083916
0.186480 0.270396 0.393939 0.149184
0.032634 0.517483 0.440559 0.009324
0.107226 0.517483 0.356643 0.018648
0.002331 0.174825 0.822844 0.000000
0.018648 0.503497 0.477855 0.000000

MOTIF 54_motif_3
letter-probability matrix: alength= 4 w= 16 nsites= 20 E= 0
0.259259 0.074074 0.092593 0.574074
0.074074 0.851852 0.000000 0.074074
0.000000 0.944444 0.055556 0.000000
0.000000 1.000000 0.000000 0.000000
0.212963 0.000000 0.250000 0.537037
0.000000 0.814815 0.055556 0.129630
0.000000 0.953704 0.000000 0.046296
0.907407 0.027778 0.064815 0.000000
0.027778 0.120370 0.740741 0.111111
0.064815 0.722222 0.166667 0.046296
0.648148 0.055556 0.296296 0.000000
0.083333 0.916667 0.000000 0.000000
0.842593 0.000000 0.000000 0.157407
0.138889 0.805556 0.000000 0.055556
0.879630 0.092593 0.027778 0.000000
0.000000 0.268519 0.111111 0.620370

MOTIF 18_motif_1
letter-probability matrix: alength= 4 w= 16 nsites= 20 E= 0
0.480 0.056 0.120 0.344
0.776 0.096 0.000 0.128
0.176 0.024 0.000 0.800
0.000 0.000 0.000 1.000
0.104 0.000 0.896 0.000
0.000 0.928 0.000 0.072
0.232 0.000 0.000 0.768
0.032 0.968 0.000 0.000
0.000 0.000 0.000 1.000
1.000 0.000 0.000 0.000
1.000 0.000 0.000 0.000
0.000 0.000 0.000 1.000
0.624 0.000 0.056 0.320
0.872 0.016 0.048 0.064
0.736 0.000 0.000 0.264
0.096 0.016 0.056 0.832

MOTIF 18_motif_2
letter-probability matrix: alength= 4 w= 16 nsites= 20 E= 0
0.797101 0.000000 0.202899 0.000000
0.000000 0.000000 0.000000 1.000000
0.130435 0.000000 0.869565 0.000000
0.000000 0.000000 0.000000 1.000000
0.000000 0.057971 0.942029 0.000000
0.000000 0.275362 0.000000 0.724638
0.057971 0.000000 0.826087 0.115942
0.101449 0.797101 0.057971 0.043478
0.000000 0.000000 0.000000 1.000000
0.159420 0.000000 0.840580 0.000000
0.173913 0.057971 0.768116 0.000000
0.637681 0.275362 0.000000 0.086957
0.000000 0.000000 1.000000 0.000000
0.043478 0.000000 0.956522 0.000000
0.000000 0.000000 1.000000 0.000000
0.797101 0.028986 0.057971 0.115942

MOTIF 18_motif_3
letter-probability matrix: alength= 4 w= 16 nsites= 20 E= 0
1.000000 0.000000 0.000000 0.000000
0.000000 1.000000 0.000000 0.000000
1.000000 0.000000 0.000000 0.000000
0.893939 0.000000 0.000000 0.106061
0.212121 0.000000 0.787879 0.000000
0.045455 0.000000 0.000000 0.954545
0.000000 0.000000 0.893939 0.106061
0.893939 0.106061 0.000000 0.000000
0.000000 0.893939 0.000000 0.106061
0.045455 0.000000 0.000000 0.954545
0.318182 0.045455 0.000000 0.636364
0.136364 0.196970 0.454545 0.212121
0.106061 0.469697 0.000000 0.424242
0.242424 0.257576 0.500000 0.000000
0.106061 0.000000 0.212121 0.681818
0.000000 0.106061 0.000000 0.893939

MOTIF 74_motif_1
letter-probability matrix: alength= 4 w= 15 nsites= 20 E= 0
0.055066 0.198238 0.000000 0.746696
0.085903 0.026432 0.008811 0.878855
0.154185 0.061674 0.011013 0.773128
0.028634 0.002203 0.000000 0.969163
0.017621 0.017621 0.026432 0.938326
0.013216 0.011013 0.006608 0.969163
0.066079 0.008811 0.024229 0.900881
0.781938 0.110132 0.103524 0.004405
0.132159 0.017621 0.004405 0.845815
0.185022 0.019824 0.000000 0.795154
0.107930 0.011013 0.006608 0.874449
0.182819 0.121145 0.061674 0.634361
0.266520 0.191630 0.081498 0.460352
0.301762 0.101322 0.000000 0.596916
0.156388 0.101322 0.028634 0.713656

MOTIF 74_motif_2
letter-probability matrix: alength= 4 w= 16 nsites= 20 E= 0
0.015424 0.560411 0.424165 0.000000
0.028278 0.892031 0.079692 0.000000
0.071979 0.606684 0.321337 0.000000
0.033419 0.416452 0.544987 0.005141
0.010283 0.203085 0.760925 0.025707
0.352185 0.624679 0.012853 0.010283
0.444730 0.187661 0.367609 0.000000
0.262211 0.192802 0.323907 0.221080
0.154242 0.349614 0.421594 0.074550
0.239075 0.138817 0.580977 0.041131
0.118252 0.390746 0.383033 0.107969
0.118252 0.344473 0.526992 0.010283
0.002571 0.537275 0.460154 0.000000
0.064267 0.480720 0.429306 0.025707
0.005141 0.282776 0.712082 0.000000
0.056555 0.586118 0.357326 0.000000

MOTIF 74_motif_3
letter-probability matrix: alength= 4 w= 16 nsites= 20 E= 0
0.322148 0.040268 0.000000 0.637584
0.000000 0.000000 0.006711 0.993289
0.046980 0.000000 0.939597 0.013423
0.073826 0.926174 0.000000 0.000000
0.208054 0.000000 0.000000 0.791946
0.140940 0.859060 0.000000 0.000000
0.000000 0.013423 0.000000 0.986577
1.000000 0.000000 0.000000 0.000000
0.912752 0.000000 0.080537 0.006711
0.013423 0.000000 0.000000 0.986577
0.590604 0.013423 0.060403 0.335570
0.744966 0.080537 0.060403 0.114094
0.637584 0.000000 0.006711 0.355705
0.134228 0.013423 0.000000 0.852349
0.268456 0.221477 0.000000 0.510067
0.134228 0.161074 0.127517 0.577181

MOTIF 69_motif_1
letter-probability matrix: alength= 4 w= 16 nsites= 20 E= 0
0.4575 0.1400 0.0000 0.4025
0.0625 0.0775 0.0025 0.8575
0.0300 0.0050 0.0000 0.9650
0.1725 0.0050 0.4125 0.4100
0.0425 0.3525 0.0000 0.6050
0.0400 0.0000 0.0000 0.9600
0.0775 0.3600 0.0025 0.5600
0.0475 0.0125 0.0650 0.8750
0.7225 0.0075 0.0075 0.2625
0.6075 0.0050 0.0000 0.3875
0.0125 0.0000 0.0000 0.9875
0.4475 0.0000 0.0325 0.5200
0.4575 0.0125 0.0400 0.4900
0.4625 0.0375 0.0000 0.5000
0.1200 0.0000 0.0000 0.8800
0.2450 0.0825 0.0000 0.6725

MOTIF 69_motif_2
letter-probability matrix: alength= 4 w= 16 nsites= 20 E= 0
0.000000 0.328652 0.654494 0.016854
0.000000 0.724719 0.275281 0.000000
0.028090 0.483146 0.432584 0.056180
0.000000 0.351124 0.646067 0.002809
0.008427 0.665730 0.241573 0.084270
0.095506 0.325843 0.460674 0.117978
0.025281 0.609551 0.160112 0.205056
0.115169 0.410112 0.311798 0.162921
0.250000 0.308989 0.210674 0.230337
0.000000 0.342697 0.238764 0.418539
0.002809 0.019663 0.682584 0.294944
0.047753 0.626404 0.300562 0.025281
0.002809 0.595506 0.367978 0.033708
0.000000 0.342697 0.589888 0.067416
0.000000 0.053371 0.893258 0.053371
0.005618 0.362360 0.626404 0.005618

MOTIF 69_motif_3
letter-probability matrix: alength= 4 w= 16 nsites= 20 E= 0
0.060403 0.120805 0.637584 0.181208
0.510067 0.093960 0.395973 0.000000
0.013423 0.006711 0.167785 0.812081
0.100671 0.000000 0.751678 0.147651
0.140940 0.040268 0.046980 0.771812
0.000000 0.000000 0.832215 0.167785
0.040268 0.208054 0.154362 0.597315
0.040268 0.355705 0.570470 0.033557
0.046980 0.624161 0.261745 0.067114
0.013423 0.087248 0.181208 0.718121
0.020134 0.000000 0.979866 0.000000
0.167785 0.026846 0.805369 0.000000
0.617450 0.147651 0.000000 0.234899
0.000000 0.000000 0.939597 0.060403
0.000000 0.033557 0.966443 0.000000
0.161074 0.000000 0.798658 0.040268

MOTIF 99_motif_1
letter-probability matrix: alength= 4 w= 11 nsites= 20 E= 0
0.000000 0.256900 0.055202 0.687898
0.000000 0.027601 0.000000 0.972399
0.000000 0.072187 0.000000 0.927813
0.000000 0.008493 0.000000 0.991507
0.000000 0.010616 0.000000 0.989384
0.000000 0.044586 0.000000 0.955414
0.065817 0.019108 0.029724 0.885350
0.628450 0.050955 0.314225 0.006369
0.002123 0.000000 0.000000 0.997877
0.099788 0.000000 0.008493 0.891720
0.095541 0.000000 0.048832 0.855626

MOTIF 99_motif_2
letter-probability matrix: alength= 4 w= 15 nsites= 20 E= 0
0.400000 0.101961 0.000000 0.498039
0.466667 0.011765 0.019608 0.501961
0.000000 0.000000 0.000000 1.000000
0.062745 0.000000 0.925490 0.011765
0.168627 0.721569 0.007843 0.101961
0.188235 0.000000 0.000000 0.811765
0.345098 0.529412 0.000000 0.125490
0.000000 0.000000 0.000000 1.000000
1.000000 0.000000 0.000000 0.000000
0.992157 0.000000 0.000000 0.007843
0.007843 0.000000 0.000000 0.992157
0.623529 0.019608 0.031373 0.325490
0.847059 0.011765 0.039216 0.101961
0.584314 0.000000 0.000000 0.415686
0.345098 0.011765 0.000000 0.643137

MOTIF 99_motif_3
letter-probability matrix: alength= 4 w= 15 nsites= 20 E= 0
0.101010 0.216162 0.082828 0.600000
0.062626 0.101010 0.006061 0.830303
0.056566 0.109091 0.036364 0.797980
0.171717 0.115152 0.056566 0.656566
0.088889 0.200000 0.022222 0.688889
0.149495 0.284848 0.014141 0.551515
0.381818 0.068687 0.000000 0.549495
0.044444 0.652525 0.026263 0.276768
0.000000 0.925253 0.000000 0.074747
0.002020 0.046465 0.000000 0.951515
0.000000 0.890909 0.016162 0.092929
0.028283 0.771717 0.000000 0.200000
0.018182 0.181818 0.000000 0.800000
0.054545 0.096970 0.020202 0.828283
0.101010 0.212121 0.002020 0.684848

MOTIF 86_motif_1
letter-probability matrix: alength= 4 w= 11 nsites= 20 E= 0
0.042254 0.211268 0.039906 0.706573
0.000000 0.009390 0.000000 0.990610
0.028169 0.061033 0.000000 0.910798
0.000000 0.000000 0.000000 1.000000
0.000000 0.004695 0.000000 0.995305
0.018779 0.023474 0.000000 0.957746
0.058685 0.021127 0.028169 0.892019
0.664319 0.056338 0.272300 0.007042
0.030516 0.000000 0.000000 0.969484
0.115023 0.000000 0.000000 0.884977
0.112676 0.000000 0.021127 0.866197

MOTIF 86_motif_2
letter-probability matrix: alength= 4 w= 16 nsites= 20 E= 0
0.007407 0.609877 0.370370 0.012346
0.056790 0.908642 0.034568 0.000000
0.093827 0.511111 0.395062 0.000000
0.037037 0.365432 0.575309 0.022222
0.019753 0.353086 0.627160 0.000000
0.382716 0.585185 0.014815 0.017284
0.338272 0.197531 0.464198 0.000000
0.293827 0.237037 0.291358 0.177778
0.195062 0.244444 0.441975 0.118519
0.153086 0.227160 0.558025 0.061728
0.197531 0.370370 0.338272 0.093827
0.041975 0.274074 0.681481 0.002469
0.002469 0.659259 0.338272 0.000000
0.096296 0.427160 0.449383 0.027160
0.000000 0.264198 0.735802 0.000000
0.027160 0.607407 0.365432 0.000000

MOTIF 86_motif_3
letter-probability matrix: alength= 4 w= 15 nsites= 20 E= 0
0.725 0.000 0.000 0.275
0.375 0.000 0.000 0.625
0.060 0.030 0.000 0.910
0.325 0.000 0.000 0.675
0.985 0.000 0.000 0.015
0.010 0.000 0.000 0.990
0.000 0.000 0.000 1.000
0.970 0.000 0.000 0.030
0.155 0.000 0.600 0.245
0.790 0.000 0.000 0.210
0.110 0.000 0.755 0.135
0.030 0.905 0.000 0.065
1.000 0.000 0.000 0.000
0.595 0.000 0.015 0.390
0.460 0.000 0.105 0.435

MOTIF 50_motif_1
letter-probability matrix: alength= 4 w= 16 nsites= 20 E= 0
0.612466 0.000000 0.108401 0.279133
0.845528 0.000000 0.000000 0.154472
0.482385 0.000000 0.016260 0.501355
0.384824 0.035230 0.013550 0.566396
0.463415 0.029810 0.000000 0.506775
0.956640 0.000000 0.000000 0.043360
0.341463 0.000000 0.000000 0.658537
0.224932 0.002710 0.008130 0.764228
0.907859 0.037940 0.013550 0.040650
0.433604 0.005420 0.428184 0.132791
0.880759 0.000000 0.000000 0.119241
0.512195 0.013550 0.428184 0.046070
0.422764 0.439024 0.000000 0.138211
0.929539 0.000000 0.000000 0.070461
0.878049 0.000000 0.024390 0.097561
0.363144 0.000000 0.067751 0.569106

MOTIF 50_motif_2
letter-probability matrix: alength= 4 w= 15 nsites= 20 E= 0
0.010782 0.644205 0.345013 0.000000
0.000000 0.754717 0.245283 0.000000
0.035040 0.247978 0.679245 0.037736
0.016173 0.447439 0.460916 0.075472
0.000000 0.469003 0.474394 0.056604
0.234501 0.398922 0.137466 0.229111
0.029650 0.369272 0.598383 0.002695
0.264151 0.361186 0.363881 0.010782
0.239892 0.064690 0.307278 0.388140
0.000000 0.032345 0.606469 0.361186
0.064690 0.568733 0.277628 0.088949
0.002695 0.296496 0.700809 0.000000
0.000000 0.541779 0.458221 0.000000
0.000000 0.177898 0.814016 0.008086
0.000000 0.347709 0.652291 0.000000

MOTIF 50_motif_3
letter-probability matrix: alength= 4 w= 16 nsites= 20 E= 0
0.088496 0.212389 0.477876 0.221239
0.566372 0.230088 0.203540 0.000000
0.000000 0.000000 0.212389 0.787611
0.053097 0.053097 0.805310 0.088496
0.159292 0.008850 0.000000 0.831858
