<!DOCTYPE HTML>
<html>
  <head>
    <meta charset="UTF-8">
    <title>Tomtom Results</title>
    <script>
      // @JSON_VAR data
      var data = {
        "program": "Tomtom",
        "version": "5.5.4",
        "release": "Fri Jun 16 12:19:08 2023 -0700",
        "cmd": [
          "tomtom", "-dist", "ed", "-min-overlap", "8", "-thresh", "1e-10",
          "-oc",
          "/home/hanzequan/test_bectiral/operator_recongize/picture_10_phage_tfbs/EvoMega/scripts/output/NC_005856/motif_meme/fimo_results/tomtom_results.tsv",
          "-verbosity", "1",
          "/home/hanzequan/test_bectiral/operator_recongize/picture_10_phage_tfbs/EvoMega/scripts/output/NC_005856/motif_meme/fimo_results/tomtom_results.tsv/combined_motifs.meme",
          "/home/hanzequan/test_bectiral/operator_recongize/picture_10_phage_tfbs/EvoMega/scripts/output/NC_005856/motif_meme/fimo_results/tomtom_results.tsv/combined_motifs.meme"
        ],
        "options": {
          "strands": "both",
          "distance_measure": "ed",
          "threshold_type": "qvalue",
          "threshold_value": 1e-10,
          "background_source": "--query--"
        },
        "alphabet": {
          "name": "DNA",
          "like": "dna",
          "ncore": 4,
          "symbols": [
            {
              "symbol": "A",
              "name": "Adenine",
              "colour": "CC0000",
              "complement": "T"
            }, {
              "symbol": "C",
              "name": "Cytosine",
              "colour": "0000CC",
              "complement": "G"
            }, {
              "symbol": "G",
              "name": "Guanine",
              "colour": "FFB300",
              "complement": "C"
            }, {
              "symbol": "T",
              "aliases": "U",
              "name": "Thymine",
              "colour": "008000",
              "complement": "A"
            }, {
              "symbol": "N",
              "aliases": "X.",
              "name": "Any base",
              "equals": "ACGT"
            }, {
              "symbol": "V",
              "name": "Not T",
              "equals": "ACG"
            }, {
              "symbol": "H",
              "name": "Not G",
              "equals": "ACT"
            }, {
              "symbol": "D",
              "name": "Not C",
              "equals": "AGT"
            }, {
              "symbol": "B",
              "name": "Not A",
              "equals": "CGT"
            }, {
              "symbol": "M",
              "name": "Amino",
              "equals": "AC"
            }, {
              "symbol": "R",
              "name": "Purine",
              "equals": "AG"
            }, {
              "symbol": "W",
              "name": "Weak",
              "equals": "AT"
            }, {
              "symbol": "S",
              "name": "Strong",
              "equals": "CG"
            }, {
              "symbol": "Y",
              "name": "Pyrimidine",
              "equals": "CT"
            }, {
              "symbol": "K",
              "name": "Keto",
              "equals": "GT"
            }
          ]
        },
        "background": [0.25, 0.25, 0.25, 0.25],
        "query_dbs": [
          {
            "source": "/home/hanzequan/test_bectiral/operator_recongize/picture_10_phage_tfbs/EvoMega/scripts/output/NC_005856/motif_meme/fimo_results/tomtom_results.tsv/combined_motifs.meme",
            "name": "combined_motifs",
            "loaded": 303,
            "excluded": 0,
            "last_modified": "Thu Dec 19 16:59:25 2024"
          }
        ],
        "target_dbs": [
          {
            "source": "/home/hanzequan/test_bectiral/operator_recongize/picture_10_phage_tfbs/EvoMega/scripts/output/NC_005856/motif_meme/fimo_results/tomtom_results.tsv/combined_motifs.meme",
            "name": "combined_motifs",
            "loaded": 303,
            "excluded": 0,
            "last_modified": "Thu Dec 19 16:59:25 2024"
          }
        ],
        "queries": [
          {
            "db": 0,
            "id": "100_motif_1",
            "len": 11,
            "nsites": 20,
            "pwm": [
              [0.00124378, 0.253071, 0.0544756, 0.69121], 
              [0.00124378, 0.0319542, 0.00124378, 0.965558], 
              [0.00124378, 0.0708547, 0.00124378, 0.926658], 
              [0.00124378, 0.00943284, 0.00124378, 0.98808], 
              [0.00124378, 0.0114806, 0.00124378, 0.986032], 
              [0.00124378, 0.0442388, 0.00124378, 0.953274], 
              [0.068807, 0.0196706, 0.0299075, 0.881616], 
              [0.623646, 0.0503811, 0.318587, 0.00738607], 
              [0.00533831, 0.00124378, 0.00124378, 0.992174], 
              [0.0974706, 0.00124378, 0.0176229, 0.883663], 
              [0.0954229, 0.00124378, 0.0483333, 0.855]
            ]
          }, {
            "db": 0,
            "id": "100_motif_2",
            "len": 16,
            "nsites": 20,
            "pwm": [
              [0.418153, 0.00958209, 0.104082, 0.468183], 
              [0.00124378, 0.11242, 0.00124378, 0.885093], 
              [0.0262587, 0.00124378, 0.865637, 0.106861], 
              [0.223596, 0.490418, 0.145772, 0.140214], 
              [0.126316, 0.00124378, 0.00124378, 0.871196], 
              [0.576579, 0.323654, 0.00124378, 0.0985224], 
              [0.00124378, 0.00124378, 0.00124378, 0.996269], 
              [0.996269, 0.00124378, 0.00124378, 0.00124378], 
              [0.996269, 0.00124378, 0.00124378, 0.00124378], 
              [0.00680299, 0.00124378, 0.00124378, 0.990709], 
              [0.493197, 0.0318169, 0.00124378, 0.473741], 
              [0.843402, 0.00124378, 0.0373761, 0.117978], 
              [0.690534, 0.00124378, 0.00124378, 0.306978], 
              [0.398698, 0.034597, 0.15967, 0.407036], 
              [0.237493, 0.193022, 0.0957433, 0.473741], 
              [0.0901841, 0.306978, 0.0151403, 0.587697]
            ]
          }, {
            "db": 0,
            "id": "100_motif_3",
            "len": 16,
            "nsites": 20,
            "pwm": [
              [0.0361572, 0.437658, 0.503605, 0.0225791], 
              [0.0322776, 0.848858, 0.117621, 0.00124378], 
              [0.0904667, 0.687869, 0.220421, 0.00124378], 
              [0.0439154, 0.457055, 0.455114, 0.0439154], 
              [0.00124378, 0.288307, 0.685929, 0.0245194], 
              [0.195206, 0.567613, 0.2243, 0.0128816], 
              [0.412443, 0.230118, 0.323221, 0.0342169], 
              [0.206844, 0.220421, 0.408564, 0.164172], 
              [0.233998, 0.330979, 0.383349, 0.0516736], 
              [0.358133, 0.0148209, 0.53076, 0.0962856], 
              [0.0652507, 0.296066, 0.546277, 0.092406], 
              [0.146715, 0.270851, 0.451236, 0.131198], 
              [0.00512338, 0.466752, 0.526881, 0.00124378], 
              [0.0613721, 0.618043, 0.296066, 0.0245194], 
              [0.00706269, 0.257274, 0.73442, 0.00124378], 
              [0.0264587, 0.505545, 0.466752, 0.00124378]
            ]
          }, {
            "db": 0,
            "id": "101_motif_1",
            "len": 15,
            "nsites": 20,
            "pwm": [
              [0.0266846, 0.286748, 0.0365781, 0.649989], 
              [0.016791, 0.117141, 0.0252716, 0.840796], 
              [0.0535393, 0.0775672, 0.00548358, 0.86341], 
              [0.00689751, 0.0563662, 0.00124378, 0.935493], 
              [0.00124378, 0.0464726, 0.0153781, 0.936906], 
              [0.00407065, 0.0874607, 0.00407065, 0.904398], 
              [0.0492985, 0.0295114, 0.00548358, 0.915705], 
              [0.580732, 0.183571, 0.231626, 0.00407065], 
              [0.0521254, 0.0521254, 0.016791, 0.878957], 
              [0.0648458, 0.00972438, 0.00689751, 0.918532], 
              [0.0436458, 0.0634328, 0.016791, 0.87613], 
              [0.100181, 0.180744, 0.0987672, 0.620307], 
              [0.177917, 0.247173, 0.134102, 0.440807], 
              [0.261307, 0.176503, 0.0323383, 0.529851], 
              [0.117141, 0.141169, 0.0563662, 0.685323]
            ]
          }, {
            "db": 0,
            "id": "101_motif_2",
            "len": 15,
            "nsites": 20,
            "pwm": [
              [0.411194, 0.100746, 0.00124378, 0.486816], 
              [0.462935, 0.0211443, 0.0251244, 0.490796], 
              [0.00124378, 0.00124378, 0.00124378, 0.996269], 
              [0.0410448, 0.00124378, 0.948507, 0.00920398], 
              [0.148507, 0.757463, 0.00920398, 0.0848259], 
              [0.180348, 0.00124378, 0.00124378, 0.817164], 
              [0.327612, 0.542537, 0.00124378, 0.128607], 
              [0.00124378, 0.00124378, 0.00124378, 0.996269], 
              [0.996269, 0.00124378, 0.00124378, 0.00124378], 
              [0.988308, 0.00124378, 0.00124378, 0.00920398], 
              [0.00920398, 0.00124378, 0.00124378, 0.988308], 
              [0.618159, 0.0251244, 0.0330846, 0.323632], 
              [0.809204, 0.0131841, 0.0410448, 0.136567], 
              [0.586318, 0.00124378, 0.00124378, 0.411194], 
              [0.355473, 0.0131841, 0.00124378, 0.6301]
            ]
          }, {
            "db": 0,
            "id": "101_motif_3",
            "len": 16,
            "nsites": 20,
            "pwm": [
              [0.0343463, 0.437419, 0.507518, 0.0207154], 
              [0.032399, 0.842439, 0.123918, 0.00124378], 
              [0.0888687, 0.690556, 0.219331, 0.00124378], 
              [0.0440826, 0.454944, 0.452997, 0.0479771], 
              [0.00124378, 0.285536, 0.688609, 0.02461], 
              [0.201807, 0.563988, 0.221279, 0.0129274], 
              [0.416, 0.225173, 0.324481, 0.0343463], 
              [0.19986, 0.219331, 0.416, 0.16481], 
              [0.22712, 0.330322, 0.390686, 0.0518716], 
              [0.355636, 0.0207154, 0.525044, 0.098604], 
              [0.0655015, 0.29722, 0.544515, 0.0927632], 
              [0.147285, 0.268012, 0.452997, 0.131706], 
              [0.00513831, 0.462732, 0.530886, 0.00124378], 
              [0.0577124, 0.620457, 0.29722, 0.02461], 
              [0.00319104, 0.26217, 0.733395, 0.00124378], 
              [0.0265572, 0.507518, 0.46468, 0.00124378]
            ]
          }, {
            "db": 0,
            "id": "10_motif_1",
            "len": 15,
            "nsites": 20,
            "pwm": [
              [0.859453, 0.00124378, 0.00124378, 0.13806], 
              [0.050995, 0.0261194, 0.00124378, 0.921642], 
              [0.00124378, 0.00124378, 0.00124378, 0.996269], 
              [0.0634328, 0.00124378, 0.93408, 0.00124378], 
              [0.00124378, 0.996269, 0.00124378, 0.00124378], 
              [0.150498, 0.00124378, 0.00124378, 0.847015], 
              [0.00124378, 0.996269, 0.00124378, 0.00124378], 
              [0.00124378, 0.00124378, 0.00124378, 0.996269], 
              [0.996269, 0.00124378, 0.00124378, 0.00124378], 
              [0.996269, 0.00124378, 0.00124378, 0.00124378], 
              [0.00124378, 0.00124378, 0.00124378, 0.996269], 
              [0.809701, 0.00124378, 0.00124378, 0.187811], 
              [0.909204, 0.00124378, 0.0758706, 0.0136816], 
              [0.722637, 0.00124378, 0.00124378, 0.274876], 
              [0.0883085, 0.00124378, 0.00124378, 0.909204]
            ]
          }, {
            "db": 0,
            "id": "10_motif_2",
            "len": 16,
            "nsites": 20,
            "pwm": [
              [0.794379, 0.00124378, 0.203133, 0.00124378], 
              [0.00124378, 0.00124378, 0.00124378, 0.996269], 
              [0.13103, 0.00124378, 0.866483, 0.00124378], 
              [0.00124378, 0.00124378, 0.00124378, 0.996269], 
              [0.00124378, 0.0589264, 0.938586, 0.00124378], 
              [0.00124378, 0.275236, 0.00124378, 0.722277], 
              [0.0589264, 0.00124378, 0.823221, 0.116609], 
              [0.102188, 0.794379, 0.0589264, 0.0445055], 
              [0.00124378, 0.00124378, 0.00124378, 0.996269], 
              [0.159871, 0.00124378, 0.837642, 0.00124378], 
              [0.174292, 0.0589264, 0.765538, 0.00124378], 
              [0.635752, 0.275236, 0.00124378, 0.0877682], 
              [0.00124378, 0.00124378, 0.996269, 0.00124378], 
              [0.0445055, 0.00124378, 0.953007, 0.00124378], 
              [0.00124378, 0.00124378, 0.996269, 0.00124378], 
              [0.794379, 0.0300856, 0.0589264, 0.116609]
            ]
          }, {
            "db": 0,
            "id": "10_motif_3",
            "len": 16,
            "nsites": 20,
            "pwm": [
              [0.942484, 0.0550289, 0.00124378, 0.00124378], 
              [0.149153, 0.848359, 0.00124378, 0.00124378], 
              [0.996269, 0.00124378, 0.00124378, 0.00124378], 
              [0.808021, 0.00124378, 0.00124378, 0.189492], 
              [0.149153, 0.00124378, 0.848359, 0.00124378], 
              [0.0415831, 0.00124378, 0.00124378, 0.955929], 
              [0.00124378, 0.00124378, 0.902144, 0.0953682], 
              [0.902144, 0.0953682, 0.00124378, 0.00124378], 
              [0.00124378, 0.808021, 0.00124378, 0.189492], 
              [0.00124378, 0.00124378, 0.00124378, 0.996269], 
              [0.243277, 0.189492, 0.00124378, 0.565988], 
              [0.122261, 0.135706, 0.498756, 0.243277], 
              [0.0953682, 0.512203, 0.00124378, 0.391186], 
              [0.216384, 0.189492, 0.592881, 0.00124378], 
              [0.243277, 0.00124378, 0.149153, 0.606326], 
              [0.00124378, 0.0953682, 0.00124378, 0.902144]
            ]
          }, {
            "db": 0,
            "id": "11_motif_1",
            "len": 16,
            "nsites": 20,
            "pwm": [
              [0.60052, 0.00124378, 0.216079, 0.182157], 
              [0.917119, 0.00124378, 0.00124378, 0.080393], 
              [0.25, 0.00124378, 0.00124378, 0.747512], 
              [0.0917005, 0.0690866, 0.00124378, 0.837969], 
              [0.170851, 0.080393, 0.00124378, 0.747512], 
              [0.996269, 0.00124378, 0.00124378, 0.00124378], 
              [0.00124378, 0.00124378, 0.00124378, 0.996269], 
              [0.00124378, 0.00124378, 0.00124378, 0.996269], 
              [0.996269, 0.00124378, 0.00124378, 0.00124378], 
              [0.00124378, 0.00124378, 0.996269, 0.00124378], 
              [0.849277, 0.00124378, 0.00124378, 0.148236], 
              [0.00124378, 0.00124378, 0.996269, 0.00124378], 
              [0.00124378, 0.928426, 0.00124378, 0.0690866], 
              [0.996269, 0.00124378, 0.00124378, 0.00124378], 
              [0.928426, 0.00124378, 0.0238577, 0.0464726], 
              [0.125622, 0.00124378, 0.00124378, 0.871891]
            ]
          }, {
            "db": 0,
            "id": "11_motif_2",
            "len": 16,
            "nsites": 20,
            "pwm": [
              [0.785203, 0.00124378, 0.212309, 0.00124378], 
              [0.00124378, 0.00124378, 0.00124378, 0.996269], 
              [0.0917005, 0.00124378, 0.905812, 0.00124378], 
              [0.00124378, 0.00124378, 0.00124378, 0.996269], 
              [0.00124378, 0.0615483, 0.935964, 0.00124378], 
              [0.00124378, 0.242462, 0.00124378, 0.755051], 
              [0.0615483, 0.00124378, 0.815355, 0.121853], 
              [0.0615483, 0.830431, 0.0615483, 0.0464726], 
              [0.00124378, 0.00124378, 0.00124378, 0.996269], 
              [0.121853, 0.00124378, 0.87566, 0.00124378], 
              [0.182157, 0.0615483, 0.755051, 0.00124378], 
              [0.664594, 0.242462, 0.00124378, 0.0917005], 
              [0.00124378, 0.00124378, 0.996269, 0.00124378], 
              [0.00124378, 0.00124378, 0.996269, 0.00124378], 
              [0.00124378, 0.00124378, 0.996269, 0.00124378], 
              [0.785203, 0.031396, 0.0615483, 0.121853]
            ]
          }, {
            "db": 0,
            "id": "11_motif_3",
            "len": 16,
            "nsites": 20,
            "pwm": [
              [0.996269, 0.00124378, 0.00124378, 0.00124378], 
              [0.00124378, 0.996269, 0.00124378, 0.00124378], 
              [0.996269, 0.00124378, 0.00124378, 0.00124378], 
              [0.88571, 0.00124378, 0.00124378, 0.111802], 
              [0.174978, 0.00124378, 0.822534, 0.00124378], 
              [0.0486259, 0.00124378, 0.00124378, 0.948887], 
              [0.00124378, 0.00124378, 0.88571, 0.111802], 
              [0.88571, 0.111802, 0.00124378, 0.00124378], 
              [0.00124378, 0.88571, 0.00124378, 0.111802], 
              [0.00124378, 0.00124378, 0.00124378, 0.996269], 
              [0.285536, 0.0486259, 0.00124378, 0.664594], 
              [0.14339, 0.159184, 0.475065, 0.22236], 
              [0.111802, 0.490859, 0.00124378, 0.396095], 
              [0.253948, 0.22236, 0.522448, 0.00124378], 
              [0.111802, 0.00124378, 0.174978, 0.711976], 
              [0.00124378, 0.111802, 0.00124378, 0.88571]
            ]
          }, {
            "db": 0,
            "id": "12_motif_1",
            "len": 16,
            "nsites": 20,
            "pwm": [
              [0.560945, 0.00124378, 0.270729, 0.167082], 
              [0.923714, 0.00124378, 0.00124378, 0.073798], 
              [0.229271, 0.00124378, 0.00124378, 0.768242], 
              [0.0841622, 0.0634328, 0.00124378, 0.851161], 
              [0.156716, 0.073798, 0.00124378, 0.768242], 
              [0.996269, 0.00124378, 0.00124378, 0.00124378], 
              [0.00124378, 0.00124378, 0.00124378, 0.996269], 
              [0.00124378, 0.00124378, 0.00124378, 0.996269], 
              [0.996269, 0.00124378, 0.00124378, 0.00124378], 
              [0.00124378, 0.00124378, 0.996269, 0.00124378], 
              [0.788972, 0.00124378, 0.00124378, 0.20854], 
              [0.00124378, 0.00124378, 0.996269, 0.00124378], 
              [0.00124378, 0.93408, 0.00124378, 0.0634328], 
              [0.996269, 0.00124378, 0.00124378, 0.00124378], 
              [0.851161, 0.00124378, 0.0323383, 0.115257], 
              [0.167082, 0.00124378, 0.0323383, 0.799336]
            ]
          }, {
            "db": 0,
            "id": "12_motif_2",
            "len": 16,
            "nsites": 20,
            "pwm": [
              [0.120053, 0.0606478, 0.0309463, 0.788353], 
              [0.00124378, 0.996269, 0.00124378, 0.00124378], 
              [0.00124378, 0.981418, 0.00124378, 0.0160945], 
              [0.00124378, 0.996269, 0.00124378, 0.00124378], 
              [0.0903502, 0.00124378, 0.253712, 0.654693], 
              [0.00124378, 0.758651, 0.0606478, 0.179457], 
              [0.00124378, 0.862609, 0.00124378, 0.134903], 
              [0.996269, 0.00124378, 0.00124378, 0.00124378], 
              [0.045797, 0.0606478, 0.818056, 0.0754995], 
              [0.120053, 0.818056, 0.00124378, 0.0606478], 
              [0.7438, 0.00124378, 0.253712, 0.00124378], 
              [0.00124378, 0.936865, 0.0606478, 0.00124378], 
              [0.996269, 0.00124378, 0.00124378, 0.00124378], 
              [0.00124378, 0.89231, 0.00124378, 0.105202], 
              [0.996269, 0.00124378, 0.00124378, 0.00124378], 
              [0.00124378, 0.209159, 0.00124378, 0.788353]
            ]
          }, {
            "db": 0,
            "id": "12_motif_3",
            "len": 16,
            "nsites": 20,
            "pwm": [
              [0.930807, 0.0667055, 0.00124378, 0.00124378], 
              [0.158353, 0.839159, 0.00124378, 0.00124378], 
              [0.996269, 0.00124378, 0.00124378, 0.00124378], 
              [0.812974, 0.00124378, 0.00124378, 0.184538], 
              [0.145261, 0.00124378, 0.852252, 0.00124378], 
              [0.0667055, 0.00124378, 0.00124378, 0.930807], 
              [0.00124378, 0.00124378, 0.904622, 0.0928905], 
              [0.904622, 0.0928905, 0.00124378, 0.00124378], 
              [0.00124378, 0.812974, 0.00124378, 0.184538], 
              [0.00124378, 0.00124378, 0.00124378, 0.996269], 
              [0.25, 0.184538, 0.00124378, 0.564218], 
              [0.119076, 0.158353, 0.485664, 0.236907], 
              [0.0928905, 0.511849, 0.00124378, 0.394017], 
              [0.236907, 0.184538, 0.57731, 0.00124378], 
              [0.236907, 0.00124378, 0.158353, 0.603496], 
              [0.00124378, 0.105983, 0.00124378, 0.891529]
            ]
          }, {
            "db": 0,
            "id": "13_motif_1",
            "len": 16,
            "nsites": 20,
            "pwm": [
              [0.192595, 0.0299463, 0.00124378, 0.776215], 
              [0.00124378, 0.00124378, 0.00124378, 0.996269], 
              [0.0586488, 0.00124378, 0.938864, 0.00124378], 
              [0.00124378, 0.996269, 0.00124378, 0.00124378], 
              [0.278702, 0.00124378, 0.00124378, 0.71881], 
              [0.00124378, 0.996269, 0.00124378, 0.00124378], 
              [0.00124378, 0.00124378, 0.00124378, 0.996269], 
              [0.996269, 0.00124378, 0.00124378, 0.00124378], 
              [0.996269, 0.00124378, 0.00124378, 0.00124378], 
              [0.00124378, 0.00124378, 0.00124378, 0.996269], 
              [0.728377, 0.00124378, 0.0586488, 0.211729], 
              [0.871891, 0.00124378, 0.0586488, 0.0682169], 
              [0.785783, 0.00124378, 0.00124378, 0.211729], 
              [0.0682169, 0.00124378, 0.00124378, 0.929296], 
              [0.17346, 0.25, 0.00124378, 0.575297], 
              [0.135189, 0.0682169, 0.135189, 0.661405]
            ]
          }, {
            "db": 0,
            "id": "13_motif_2",
            "len": 16,
            "nsites": 20,
            "pwm": [
              [0.121853, 0.0615483, 0.031396, 0.785203], 
              [0.00124378, 0.996269, 0.00124378, 0.00124378], 
              [0.00124378, 0.996269, 0.00124378, 0.00124378], 
              [0.00124378, 0.996269, 0.00124378, 0.00124378], 
              [0.0917005, 0.00124378, 0.242462, 0.664594], 
              [0.00124378, 0.755051, 0.0615483, 0.182157], 
              [0.00124378, 0.87566, 0.00124378, 0.121853], 
              [0.996269, 0.00124378, 0.00124378, 0.00124378], 
              [0.0464726, 0.0615483, 0.830431, 0.0615483], 
              [0.121853, 0.815355, 0.00124378, 0.0615483], 
              [0.755051, 0.00124378, 0.242462, 0.00124378], 
              [0.00124378, 0.935964, 0.0615483, 0.00124378], 
              [0.996269, 0.00124378, 0.00124378, 0.00124378], 
              [0.00124378, 0.905812, 0.00124378, 0.0917005], 
              [0.996269, 0.00124378, 0.00124378, 0.00124378], 
              [0.00124378, 0.212309, 0.00124378, 0.785203]
            ]
          }, {
            "db": 0,
            "id": "13_motif_3",
            "len": 16,
            "nsites": 20,
            "pwm": [
              [0.930807, 0.0667055, 0.00124378, 0.00124378], 
              [0.158353, 0.839159, 0.00124378, 0.00124378], 
              [0.996269, 0.00124378, 0.00124378, 0.00124378], 
              [0.812974, 0.00124378, 0.00124378, 0.184538], 
              [0.145261, 0.00124378, 0.852252, 0.00124378], 
              [0.0667055, 0.00124378, 0.00124378, 0.930807], 
              [0.00124378, 0.00124378, 0.904622, 0.0928905], 
              [0.904622, 0.0928905, 0.00124378, 0.00124378], 
              [0.00124378, 0.812974, 0.00124378, 0.184538], 
              [0.00124378, 0.00124378, 0.00124378, 0.996269], 
              [0.25, 0.184538, 0.00124378, 0.564218], 
              [0.119076, 0.158353, 0.485664, 0.236907], 
              [0.0928905, 0.511849, 0.00124378, 0.394017], 
              [0.236907, 0.184538, 0.57731, 0.00124378], 
              [0.236907, 0.00124378, 0.158353, 0.603496], 
              [0.00124378, 0.105983, 0.00124378, 0.891529]
            ]
          }, {
            "db": 0,
            "id": "14_motif_1",
            "len": 15,
            "nsites": 20,
            "pwm": [
              [0.765281, 0.0900856, 0.00124378, 0.14339], 
              [0.161158, 0.0278965, 0.00124378, 0.809701], 
              [0.00124378, 0.00124378, 0.00124378, 0.996269], 
              [0.0545483, 0.00124378, 0.942964, 0.00124378], 
              [0.00124378, 0.996269, 0.00124378, 0.00124378], 
              [0.241115, 0.00124378, 0.00124378, 0.756397], 
              [0.0367801, 0.960732, 0.00124378, 0.00124378], 
              [0.00124378, 0.00124378, 0.00124378, 0.996269], 
              [0.996269, 0.00124378, 0.00124378, 0.00124378], 
              [0.996269, 0.00124378, 0.00124378, 0.00124378], 
              [0.00124378, 0.00124378, 0.00124378, 0.996269], 
              [0.676439, 0.00124378, 0.0634328, 0.258885], 
              [0.871891, 0.00124378, 0.0545483, 0.0723174], 
              [0.72086, 0.00124378, 0.00124378, 0.276653], 
              [0.107854, 0.00124378, 0.00124378, 0.889659]
            ]
          }, {
            "db": 0,
            "id": "14_motif_2",
            "len": 16,
            "nsites": 20,
            "pwm": [
              [0.785203, 0.00124378, 0.212309, 0.00124378], 
              [0.00124378, 0.00124378, 0.00124378, 0.996269], 
              [0.0917005, 0.00124378, 0.905812, 0.00124378], 
              [0.00124378, 0.00124378, 0.00124378, 0.996269], 
              [0.00124378, 0.0615483, 0.935964, 0.00124378], 
              [0.00124378, 0.242462, 0.00124378, 0.755051], 
              [0.0615483, 0.00124378, 0.815355, 0.121853], 
              [0.0615483, 0.830431, 0.0615483, 0.0464726], 
              [0.00124378, 0.00124378, 0.00124378, 0.996269], 
              [0.121853, 0.00124378, 0.87566, 0.00124378], 
              [0.182157, 0.0615483, 0.755051, 0.00124378], 
              [0.664594, 0.242462, 0.00124378, 0.0917005], 
              [0.00124378, 0.00124378, 0.996269, 0.00124378], 
              [0.00124378, 0.00124378, 0.996269, 0.00124378], 
              [0.00124378, 0.00124378, 0.996269, 0.00124378], 
              [0.785203, 0.031396, 0.0615483, 0.121853]
            ]
          }, {
            "db": 0,
            "id": "14_motif_3",
            "len": 16,
            "nsites": 20,
            "pwm": [
              [0.930807, 0.0667055, 0.00124378, 0.00124378], 
              [0.158353, 0.839159, 0.00124378, 0.00124378], 
              [0.996269, 0.00124378, 0.00124378, 0.00124378], 
              [0.812974, 0.00124378, 0.00124378, 0.184538], 
              [0.145261, 0.00124378, 0.852252, 0.00124378], 
              [0.0667055, 0.00124378, 0.00124378, 0.930807], 
              [0.00124378, 0.00124378, 0.904622, 0.0928905], 
              [0.904622, 0.0928905, 0.00124378, 0.00124378], 
              [0.00124378, 0.812974, 0.00124378, 0.184538], 
              [0.00124378, 0.00124378, 0.00124378, 0.996269], 
              [0.25, 0.184538, 0.00124378, 0.564218], 
              [0.119076, 0.158353, 0.485664, 0.236907], 
              [0.0928905, 0.511849, 0.00124378, 0.394017], 
              [0.236907, 0.184538, 0.57731, 0.00124378], 
              [0.236907, 0.00124378, 0.158353, 0.603496], 
              [0.00124378, 0.105983, 0.00124378, 0.891529]
            ]
          }, {
            "db": 0,
            "id": "15_motif_1",
            "len": 16,
            "nsites": 20,
            "pwm": [
              [0.579549, 0.00124378, 0.22236, 0.196847], 
              [0.894215, 0.00124378, 0.00124378, 0.103298], 
              [0.281892, 0.00124378, 0.00124378, 0.715621], 
              [0.0692796, 0.0522706, 0.0182527, 0.860197], 
              [0.290396, 0.0607751, 0.00124378, 0.647585], 
              [0.996269, 0.00124378, 0.00124378, 0.00124378], 
              [0.00124378, 0.00124378, 0.00124378, 0.996269], 
              [0.00124378, 0.00124378, 0.00124378, 0.996269], 
              [0.996269, 0.00124378, 0.00124378, 0.00124378], 
              [0.00124378, 0.00124378, 0.953746, 0.0437662], 
              [0.749639, 0.00124378, 0.00124378, 0.247874], 
              [0.00124378, 0.00124378, 0.996269, 0.00124378], 
              [0.00124378, 0.936737, 0.00124378, 0.0607751], 
              [0.996269, 0.00124378, 0.00124378, 0.00124378], 
              [0.800666, 0.00124378, 0.0267572, 0.171333], 
              [0.14582, 0.00124378, 0.103298, 0.749639]
            ]
          }, {
            "db": 0,
            "id": "15_motif_2",
            "len": 16,
            "nsites": 20,
            "pwm": [
              [0.785203, 0.00124378, 0.212309, 0.00124378], 
              [0.00124378, 0.00124378, 0.00124378, 0.996269], 
              [0.0917005, 0.00124378, 0.905812, 0.00124378], 
              [0.00124378, 0.00124378, 0.00124378, 0.996269], 
              [0.00124378, 0.0615483, 0.935964, 0.00124378], 
              [0.00124378, 0.242462, 0.00124378, 0.755051], 
              [0.0615483, 0.00124378, 0.815355, 0.121853], 
              [0.0615483, 0.830431, 0.0615483, 0.0464726], 
              [0.00124378, 0.00124378, 0.00124378, 0.996269], 
              [0.121853, 0.00124378, 0.87566, 0.00124378], 
              [0.182157, 0.0615483, 0.755051, 0.00124378], 
              [0.664594, 0.242462, 0.00124378, 0.0917005], 
              [0.00124378, 0.00124378, 0.996269, 0.00124378], 
              [0.00124378, 0.00124378, 0.996269, 0.00124378], 
              [0.00124378, 0.00124378, 0.996269, 0.00124378], 
              [0.785203, 0.031396, 0.0615483, 0.121853]
            ]
          }, {
            "db": 0,
            "id": "15_motif_3",
            "len": 16,
            "nsites": 20,
            "pwm": [
              [0.996269, 0.00124378, 0.00124378, 0.00124378], 
              [0.00124378, 0.996269, 0.00124378, 0.00124378], 
              [0.996269, 0.00124378, 0.00124378, 0.00124378], 
              [0.890735, 0.00124378, 0.00124378, 0.106777], 
              [0.212309, 0.00124378, 0.785203, 0.00124378], 
              [0.0464726, 0.00124378, 0.00124378, 0.95104], 
              [0.00124378, 0.00124378, 0.890735, 0.106777], 
              [0.890735, 0.106777, 0.00124378, 0.00124378], 
              [0.00124378, 0.890735, 0.00124378, 0.106777], 
              [0.0464726, 0.00124378, 0.00124378, 0.95104], 
              [0.317843, 0.0464726, 0.00124378, 0.634442], 
              [0.136929, 0.197234, 0.453527, 0.212309], 
              [0.106777, 0.468604, 0.00124378, 0.423375], 
              [0.242462, 0.257538, 0.498756, 0.00124378], 
              [0.106777, 0.00124378, 0.212309, 0.67967], 
              [0.00124378, 0.106777, 0.00124378, 0.890735]
            ]
          }, {
            "db": 0,
            "id": "16_motif_1",
            "len": 16,
            "nsites": 20,
            "pwm": [
              [0.589967, 0.00124378, 0.216833, 0.191957], 
              [0.871891, 0.00124378, 0.0261194, 0.100746], 
              [0.283167, 0.00124378, 0.00124378, 0.714345], 
              [0.0675791, 0.050995, 0.0178279, 0.863599], 
              [0.283167, 0.0592866, 0.00124378, 0.656301], 
              [0.996269, 0.00124378, 0.00124378, 0.00124378], 
              [0.00124378, 0.00124378, 0.00124378, 0.996269], 
              [0.00124378, 0.00124378, 0.00124378, 0.996269], 
              [0.996269, 0.00124378, 0.00124378, 0.00124378], 
              [0.00124378, 0.00124378, 0.954809, 0.0427035], 
              [0.755804, 0.00124378, 0.00124378, 0.241708], 
              [0.0178279, 0.00124378, 0.979685, 0.00124378], 
              [0.00124378, 0.938226, 0.00124378, 0.0592866], 
              [0.996269, 0.00124378, 0.00124378, 0.00124378], 
              [0.78068, 0.00124378, 0.0261194, 0.191957], 
              [0.142206, 0.00953532, 0.100746, 0.747512]
            ]
          }, {
            "db": 0,
            "id": "16_motif_2",
            "len": 16,
            "nsites": 20,
            "pwm": [
              [0.794379, 0.00124378, 0.203133, 0.00124378], 
              [0.00124378, 0.00124378, 0.00124378, 0.996269], 
              [0.13103, 0.00124378, 0.866483, 0.00124378], 
              [0.00124378, 0.00124378, 0.00124378, 0.996269], 
              [0.00124378, 0.0589264, 0.938586, 0.00124378], 
              [0.00124378, 0.275236, 0.00124378, 0.722277], 
              [0.0589264, 0.00124378, 0.823221, 0.116609], 
              [0.102188, 0.794379, 0.0589264, 0.0445055], 
              [0.00124378, 0.00124378, 0.00124378, 0.996269], 
              [0.159871, 0.00124378, 0.837642, 0.00124378], 
              [0.174292, 0.0589264, 0.765538, 0.00124378], 
              [0.635752, 0.275236, 0.00124378, 0.0877682], 
              [0.00124378, 0.00124378, 0.996269, 0.00124378], 
              [0.0445055, 0.00124378, 0.953007, 0.00124378], 
              [0.00124378, 0.00124378, 0.996269, 0.00124378], 
              [0.794379, 0.0300856, 0.0589264, 0.116609]
            ]
          }, {
            "db": 0,
            "id": "16_motif_3",
            "len": 16,
            "nsites": 20,
            "pwm": [
              [0.996269, 0.00124378, 0.00124378, 0.00124378], 
              [0.00124378, 0.996269, 0.00124378, 0.00124378], 
              [0.996269, 0.00124378, 0.00124378, 0.00124378], 
              [0.880182, 0.00124378, 0.00124378, 0.11733], 
              [0.183665, 0.00124378, 0.813848, 0.00124378], 
              [0.00124378, 0.00124378, 0.00124378, 0.996269], 
              [0.00124378, 0.00124378, 0.880182, 0.11733], 
              [0.880182, 0.11733, 0.00124378, 0.00124378], 
              [0.00124378, 0.880182, 0.00124378, 0.11733], 
              [0.00124378, 0.00124378, 0.00124378, 0.996269], 
              [0.299751, 0.00124378, 0.00124378, 0.697761], 
              [0.100746, 0.167082, 0.498756, 0.233416], 
              [0.11733, 0.465589, 0.00124378, 0.415838], 
              [0.266584, 0.183665, 0.548507, 0.00124378], 
              [0.11733, 0.00124378, 0.183665, 0.697761], 
              [0.00124378, 0.11733, 0.00124378, 0.880182]
            ]
          }, {
            "db": 0,
            "id": "17_motif_1",
            "len": 16,
            "nsites": 20,
            "pwm": [
              [0.579549, 0.00124378, 0.22236, 0.196847], 
              [0.894215, 0.00124378, 0.00124378, 0.103298], 
              [0.281892, 0.00124378, 0.00124378, 0.715621], 
              [0.0692796, 0.0522706, 0.0182527, 0.860197], 
              [0.290396, 0.0607751, 0.00124378, 0.647585], 
              [0.996269, 0.00124378, 0.00124378, 0.00124378], 
              [0.00124378, 0.00124378, 0.00124378, 0.996269], 
              [0.00124378, 0.00124378, 0.00124378, 0.996269], 
              [0.996269, 0.00124378, 0.00124378, 0.00124378], 
              [0.00124378, 0.00124378, 0.953746, 0.0437662], 
              [0.749639, 0.00124378, 0.00124378, 0.247874], 
              [0.00124378, 0.00124378, 0.996269, 0.00124378], 
              [0.00124378, 0.936737, 0.00124378, 0.0607751], 
              [0.996269, 0.00124378, 0.00124378, 0.00124378], 
              [0.800666, 0.00124378, 0.0267572, 0.171333], 
              [0.14582, 0.00124378, 0.103298, 0.749639]
            ]
          }, {
            "db": 0,
            "id": "17_motif_2",
            "len": 16,
            "nsites": 20,
            "pwm": [
              [0.785203, 0.00124378, 0.212309, 0.00124378], 
              [0.00124378, 0.00124378, 0.00124378, 0.996269], 
              [0.0917005, 0.00124378, 0.905812, 0.00124378], 
              [0.00124378, 0.00124378, 0.00124378, 0.996269], 
              [0.00124378, 0.0615483, 0.935964, 0.00124378], 
              [0.00124378, 0.242462, 0.00124378, 0.755051], 
              [0.0615483, 0.00124378, 0.815355, 0.121853], 
              [0.0615483, 0.830431, 0.0615483, 0.0464726], 
              [0.00124378, 0.00124378, 0.00124378, 0.996269], 
              [0.121853, 0.00124378, 0.87566, 0.00124378], 
              [0.182157, 0.0615483, 0.755051, 0.00124378], 
              [0.664594, 0.242462, 0.00124378, 0.0917005], 
              [0.00124378, 0.00124378, 0.996269, 0.00124378], 
              [0.00124378, 0.00124378, 0.996269, 0.00124378], 
              [0.00124378, 0.00124378, 0.996269, 0.00124378], 
              [0.785203, 0.031396, 0.0615483, 0.121853]
            ]
          }, {
            "db": 0,
            "id": "17_motif_3",
            "len": 16,
            "nsites": 20,
            "pwm": [
              [0.149153, 0.848359, 0.00124378, 0.00124378], 
              [0.996269, 0.00124378, 0.00124378, 0.00124378], 
              [0.808021, 0.00124378, 0.00124378, 0.189492], 
              [0.149153, 0.00124378, 0.848359, 0.00124378], 
              [0.0415831, 0.00124378, 0.00124378, 0.955929], 
              [0.00124378, 0.00124378, 0.902144, 0.0953682], 
              [0.902144, 0.0953682, 0.00124378, 0.00124378], 
              [0.00124378, 0.808021, 0.00124378, 0.189492], 
              [0.00124378, 0.00124378, 0.00124378, 0.996269], 
              [0.243277, 0.189492, 0.00124378, 0.565988], 
              [0.122261, 0.135706, 0.498756, 0.243277], 
              [0.0953682, 0.512203, 0.00124378, 0.391186], 
              [0.216384, 0.189492, 0.592881, 0.00124378], 
              [0.243277, 0.00124378, 0.149153, 0.606326], 
              [0.00124378, 0.0953682, 0.00124378, 0.902144], 
              [0.834913, 0.00124378, 0.00124378, 0.162599]
            ]
          }, {
            "db": 0,
            "id": "18_motif_1",
            "len": 16,
            "nsites": 20,
            "pwm": [
              [0.478856, 0.0569652, 0.120647, 0.343532], 
              [0.773383, 0.0967662, 0.00124378, 0.128607], 
              [0.176368, 0.0251244, 0.00124378, 0.797264], 
              [0.00124378, 0.00124378, 0.00124378, 0.996269], 
              [0.104726, 0.00124378, 0.892786, 0.00124378], 
              [0.00124378, 0.924627, 0.00124378, 0.0728856], 
              [0.23209, 0.00124378, 0.00124378, 0.765423], 
              [0.0330846, 0.964428, 0.00124378, 0.00124378], 
              [0.00124378, 0.00124378, 0.00124378, 0.996269], 
              [0.996269, 0.00124378, 0.00124378, 0.00124378], 
              [0.996269, 0.00124378, 0.00124378, 0.00124378], 
              [0.00124378, 0.00124378, 0.00124378, 0.996269], 
              [0.622139, 0.00124378, 0.0569652, 0.319652], 
              [0.868905, 0.0171642, 0.049005, 0.0649254], 
              [0.733582, 0.00124378, 0.00124378, 0.26393], 
              [0.0967662, 0.0171642, 0.0569652, 0.829104]
            ]
          }, {
            "db": 0,
            "id": "18_motif_2",
            "len": 16,
            "nsites": 20,
            "pwm": [
              [0.794379, 0.00124378, 0.203133, 0.00124378], 
              [0.00124378, 0.00124378, 0.00124378, 0.996269], 
              [0.13103, 0.00124378, 0.866483, 0.00124378], 
              [0.00124378, 0.00124378, 0.00124378, 0.996269], 
              [0.00124378, 0.0589264, 0.938586, 0.00124378], 
              [0.00124378, 0.275236, 0.00124378, 0.722277], 
              [0.0589264, 0.00124378, 0.823221, 0.116609], 
              [0.102188, 0.794379, 0.0589264, 0.0445055], 
              [0.00124378, 0.00124378, 0.00124378, 0.996269], 
              [0.159871, 0.00124378, 0.837642, 0.00124378], 
              [0.174292, 0.0589264, 0.765538, 0.00124378], 
              [0.635752, 0.275236, 0.00124378, 0.0877682], 
              [0.00124378, 0.00124378, 0.996269, 0.00124378], 
              [0.0445055, 0.00124378, 0.953007, 0.00124378], 
              [0.00124378, 0.00124378, 0.996269, 0.00124378], 
              [0.794379, 0.0300856, 0.0589264, 0.116609]
            ]
          }, {
            "db": 0,
            "id": "18_motif_3",
            "len": 16,
            "nsites": 20,
            "pwm": [
              [0.996269, 0.00124378, 0.00124378, 0.00124378], 
              [0.00124378, 0.996269, 0.00124378, 0.00124378], 
              [0.996269, 0.00124378, 0.00124378, 0.00124378], 
              [0.890735, 0.00124378, 0.00124378, 0.106777], 
              [0.212309, 0.00124378, 0.785203, 0.00124378], 
              [0.0464726, 0.00124378, 0.00124378, 0.95104], 
              [0.00124378, 0.00124378, 0.890735, 0.106777], 
