MEME version 4

ALPHABET= ACGT

strands: + -

Background letter frequencies
A 0.25 C 0.25 G 0.25 T 0.25

MOTIF 59_motif_1
letter-probability matrix: alength= 4 w= 16 nsites= 20 E= 0
0.082627 0.402542 0.514831 0.000000
0.008475 0.533898 0.457627 0.000000
0.025424 0.078390 0.086864 0.809322
0.000000 0.000000 1.000000 0.000000
0.523305 0.146186 0.330508 0.000000
0.360169 0.241525 0.000000 0.398305
0.065678 0.000000 0.904661 0.029661
0.129237 0.177966 0.692797 0.000000
0.383475 0.116525 0.000000 0.500000
0.000000 0.000000 1.000000 0.000000
0.044492 0.201271 0.754237 0.000000
0.169492 0.459746 0.120763 0.250000
0.000000 0.000000 0.957627 0.042373
0.180085 0.042373 0.777542 0.000000
0.139831 0.105932 0.031780 0.722458
0.137712 0.021186 0.716102 0.125000

MOTIF 101_motif_2
letter-probability matrix: alength= 4 w= 16 nsites= 20 E= 0
0.047382 0.006234 0.000000 0.946384
0.012469 0.003741 0.000000 0.983791
0.019950 0.049875 0.000000 0.930175
0.061097 0.001247 0.001247 0.936409
0.446384 0.093516 0.043641 0.416459
0.062344 0.109726 0.021197 0.806733
0.241895 0.097257 0.003741 0.657107
0.159601 0.109726 0.135910 0.594763
0.259352 0.148379 0.014963 0.577307
0.241895 0.032419 0.024938 0.700748
0.230673 0.127182 0.049875 0.592269
0.214464 0.143392 0.001247 0.640898
0.235661 0.016209 0.033666 0.714464
0.229426 0.019950 0.019950 0.730673
0.148379 0.110973 0.000000 0.740648
0.197007 0.000000 0.000000 0.802993

MOTIF 2_motif_2
letter-probability matrix: alength= 4 w= 15 nsites= 20 E= 0
0.5625 0.1875 0.0000 0.2500
0.8750 0.1250 0.0000 0.0000
0.9375 0.0625 0.0000 0.0000
0.8750 0.0000 0.0625 0.0625
0.8125 0.0000 0.1250 0.0625
0.6875 0.2500 0.0000 0.0625
0.8125 0.1875 0.0000 0.0000
0.0625 0.1250 0.8125 0.0000
0.0000 1.0000 0.0000 0.0000
0.2500 0.7500 0.0000 0.0000
0.0000 0.8750 0.1250 0.0000
0.0000 1.0000 0.0000 0.0000
0.1875 0.1875 0.2500 0.3750
0.0625 0.7500 0.0000 0.1875
0.5625 0.0625 0.3750 0.0000

