MEME version 4

ALPHABET= ACGT

strands: + -

Background letter frequencies
A 0.25 C 0.25 G 0.25 T 0.25

MOTIF 93_motif_3
letter-probability matrix: alength= 4 w= 15 nsites= 20 E= 0
0.008163 0.191837 0.261224 0.538776
0.061224 0.257143 0.195918 0.485714
0.000000 0.073469 0.489796 0.436735
0.065306 0.244898 0.424490 0.265306
0.073469 0.636735 0.012245 0.277551
0.000000 0.004082 0.000000 0.995918
0.000000 0.000000 0.000000 1.000000
0.000000 0.000000 0.000000 1.000000
0.008163 0.000000 0.000000 0.991837
0.040816 0.000000 0.000000 0.959184
0.559184 0.024490 0.028571 0.387755
0.285714 0.081633 0.016327 0.616327
0.089796 0.000000 0.061224 0.848980
0.093878 0.000000 0.004082 0.902041
0.020408 0.000000 0.089796 0.889796

MOTIF 87_motif_1
letter-probability matrix: alength= 4 w= 16 nsites= 20 E= 0
0.828473 0.013722 0.080617 0.077187
0.977702 0.003431 0.017153 0.001715
0.958834 0.000000 0.034305 0.006861
0.210978 0.000000 0.765009 0.024014
0.248714 0.010292 0.711835 0.029160
0.939966 0.000000 0.037736 0.022298
0.106346 0.000000 0.878216 0.015437
0.250429 0.066895 0.499142 0.183533
0.485420 0.020583 0.046312 0.447684
0.485420 0.027444 0.391081 0.096055
0.687822 0.046312 0.121784 0.144082
0.509434 0.073756 0.065180 0.351630
0.655232 0.034305 0.145798 0.164666
0.795883 0.048027 0.065180 0.090909
0.653516 0.060034 0.120069 0.166381
0.699828 0.048027 0.125214 0.126930

MOTIF 6_motif_3
letter-probability matrix: alength= 4 w= 16 nsites= 20 E= 0
0.866667 0.000000 0.000000 0.133333
0.866667 0.000000 0.000000 0.133333
0.200000 0.000000 0.800000 0.000000
0.600000 0.133333 0.133333 0.133333
0.800000 0.200000 0.000000 0.000000
0.733333 0.133333 0.133333 0.000000
0.400000 0.000000 0.000000 0.600000
0.066667 0.933333 0.000000 0.000000
0.000000 0.000000 0.000000 1.000000
0.000000 0.000000 0.000000 1.000000
0.800000 0.000000 0.000000 0.200000
0.866667 0.000000 0.133333 0.000000
0.733333 0.000000 0.266667 0.000000
0.000000 0.000000 0.000000 1.000000
0.533333 0.133333 0.000000 0.333333
0.533333 0.000000 0.000000 0.466667

MOTIF 66_motif_3
letter-probability matrix: alength= 4 w= 16 nsites= 20 E= 0
0.605442 0.000000 0.000000 0.394558
0.034014 0.000000 0.346939 0.619048
0.782313 0.000000 0.040816 0.176871
0.408163 0.401361 0.013605 0.176871
0.925170 0.000000 0.000000 0.074830
0.625850 0.190476 0.000000 0.183673
0.435374 0.503401 0.061224 0.000000
0.217687 0.000000 0.000000 0.782313
0.190476 0.183673 0.000000 0.625850
1.000000 0.000000 0.000000 0.000000
0.986395 0.000000 0.000000 0.013605
0.578231 0.000000 0.000000 0.421769
0.136054 0.006803 0.013605 0.843537
0.891156 0.000000 0.034014 0.074830
0.598639 0.000000 0.000000 0.401361
0.687075 0.000000 0.000000 0.312925

