MEME version 4

ALPHABET= ACGT

strands: + -

Background letter frequencies
A 0.25 C 0.25 G 0.25 T 0.25

MOTIF 7_motif_3
letter-probability matrix: alength= 4 w= 16 nsites= 20 E= 0
0.000000 0.195652 0.000000 0.804348
0.956522 0.000000 0.043478 0.000000
0.000000 1.000000 0.000000 0.000000
0.000000 0.000000 0.000000 1.000000
0.000000 1.000000 0.000000 0.000000
0.978261 0.021739 0.000000 0.000000
0.000000 1.000000 0.000000 0.000000
0.021739 0.000000 0.978261 0.000000
0.000000 0.000000 0.000000 1.000000
0.000000 0.000000 1.000000 0.000000
1.000000 0.000000 0.000000 0.000000
0.000000 0.043478 0.956522 0.000000
0.000000 0.000000 0.021739 0.978261
0.760870 0.000000 0.239130 0.000000
0.000000 0.065217 0.695652 0.239130
0.000000 0.326087 0.586957 0.086957

MOTIF 41_motif_3
letter-probability matrix: alength= 4 w= 16 nsites= 20 E= 0
0.238532 0.311927 0.000000 0.449541
0.048930 0.143731 0.000000 0.807339
0.214067 0.021407 0.000000 0.764526
0.048930 0.168196 0.000000 0.782875
0.140673 0.003058 0.000000 0.856269
0.137615 0.006116 0.000000 0.856269
0.073394 0.030581 0.000000 0.896024
0.070336 0.000000 0.000000 0.929664
0.733945 0.067278 0.159021 0.039755
0.018349 0.003058 0.000000 0.978593
0.357798 0.000000 0.003058 0.639144
0.110092 0.015291 0.000000 0.874618
0.198777 0.128440 0.015291 0.657492
0.446483 0.159021 0.000000 0.394495
0.314985 0.079511 0.000000 0.605505
0.186544 0.018349 0.000000 0.795107

MOTIF 99_motif_2
letter-probability matrix: alength= 4 w= 16 nsites= 20 E= 0
0.103535 0.404040 0.489899 0.002525
0.029040 0.214646 0.756313 0.000000
0.008838 0.271465 0.685606 0.034091
0.000000 0.112374 0.752525 0.135101
0.000000 0.040404 0.797980 0.161616
0.118687 0.733586 0.010101 0.137626
0.155303 0.150253 0.477273 0.217172
0.054293 0.426768 0.329545 0.189394
0.179293 0.395202 0.343434 0.082071
0.079545 0.335859 0.513889 0.070707
0.109848 0.375000 0.344697 0.170455
0.025253 0.426768 0.287879 0.260101
0.042929 0.207071 0.561869 0.188131
0.039141 0.364899 0.505051 0.090909
0.005051 0.436869 0.474747 0.083333
0.012626 0.301768 0.626263 0.059343

