MEME version 4

ALPHABET= ACGT

strands: + -

Background letter frequencies
A 0.25 C 0.25 G 0.25 T 0.25

MOTIF 22_motif_1
letter-probability matrix: alength= 4 w= 16 nsites= 20 E= 0
0.153409 0.005682 0.000000 0.840909
0.295455 0.000000 0.000000 0.704545
0.340909 0.000000 0.000000 0.659091
0.181818 0.039773 0.000000 0.778409
0.215909 0.113636 0.000000 0.670455
0.062500 0.164773 0.000000 0.772727
0.375000 0.505682 0.062500 0.056818
0.034091 0.005682 0.028409 0.931818
0.210227 0.420455 0.000000 0.369318
0.312500 0.340909 0.005682 0.340909
0.085227 0.090909 0.000000 0.823864
0.255682 0.005682 0.000000 0.738636
0.284091 0.034091 0.000000 0.681818
0.380682 0.011364 0.000000 0.607955
0.232955 0.000000 0.000000 0.767045
0.312500 0.005682 0.000000 0.681818

MOTIF 14_motif_2
letter-probability matrix: alength= 4 w= 15 nsites= 20 E= 0
0.436364 0.518182 0.000000 0.045455
0.872727 0.000000 0.090909 0.036364
0.263636 0.500000 0.000000 0.236364
0.518182 0.127273 0.190909 0.163636
0.972727 0.009091 0.018182 0.000000
0.700000 0.072727 0.036364 0.190909
0.945455 0.000000 0.054545 0.000000
0.963636 0.036364 0.000000 0.000000
0.927273 0.063636 0.009091 0.000000
0.609091 0.227273 0.163636 0.000000
0.036364 0.518182 0.418182 0.027273
0.109091 0.890909 0.000000 0.000000
0.372727 0.481818 0.136364 0.009091
0.145455 0.454545 0.363636 0.036364
0.218182 0.700000 0.036364 0.045455

MOTIF 78_motif_3
letter-probability matrix: alength= 4 w= 16 nsites= 20 E= 0
0.833876 0.000000 0.000000 0.166124
0.278502 0.078176 0.006515 0.636808
0.820847 0.000000 0.016287 0.162866
0.501629 0.050489 0.039088 0.408795
0.315961 0.043974 0.000000 0.640065
0.815961 0.000000 0.045603 0.138436
0.252443 0.073290 0.022801 0.651466
0.824104 0.000000 0.024430 0.151466
0.249186 0.043974 0.146580 0.560261
0.565147 0.078176 0.001629 0.355049
0.517915 0.066775 0.008143 0.407166
0.640065 0.000000 0.001629 0.358306
0.822476 0.000000 0.040717 0.136808
0.835505 0.084691 0.074919 0.004886
0.850163 0.014658 0.047231 0.087948
0.996743 0.000000 0.003257 0.000000

MOTIF 18_motif_3
letter-probability matrix: alength= 4 w= 16 nsites= 20 E= 0
0.293706 0.000000 0.000000 0.706294
0.013986 0.000000 0.000000 0.986014
0.545455 0.000000 0.000000 0.454545
0.258741 0.013986 0.000000 0.727273
0.209790 0.076923 0.006993 0.706294
0.328671 0.041958 0.041958 0.587413
0.258741 0.265734 0.146853 0.328671
0.118881 0.188811 0.034965 0.657343
0.223776 0.251748 0.181818 0.342657
0.461538 0.146853 0.062937 0.328671
0.349650 0.209790 0.055944 0.384615
0.000000 0.111888 0.000000 0.888112
0.209790 0.034965 0.076923 0.678322
0.272727 0.000000 0.000000 0.727273
0.139860 0.000000 0.000000 0.860140
0.209790 0.006993 0.000000 0.783217

