MEME version 4

ALPHABET= ACGT

strands: + -

Background letter frequencies
A 0.25 C 0.25 G 0.25 T 0.25

MOTIF 37_motif_2
letter-probability matrix: alength= 4 w= 16 nsites= 20 E= 0
0.118280 0.000000 0.007168 0.874552
0.928315 0.003584 0.053763 0.014337
0.688172 0.064516 0.064516 0.182796
0.132616 0.000000 0.000000 0.867384
0.763441 0.000000 0.000000 0.236559
0.132616 0.096774 0.430108 0.340502
0.365591 0.046595 0.146953 0.440860
0.043011 0.164875 0.437276 0.354839
0.161290 0.010753 0.000000 0.827957
0.688172 0.150538 0.000000 0.161290
0.107527 0.498208 0.071685 0.322581
0.043011 0.000000 0.211470 0.745520
0.724014 0.050179 0.103943 0.121864
0.014337 0.000000 0.000000 0.985663
0.103943 0.003584 0.000000 0.892473
0.842294 0.000000 0.000000 0.157706

MOTIF 8_motif_1
letter-probability matrix: alength= 4 w= 16 nsites= 20 E= 0
0.000000 0.603448 0.000000 0.396552
0.120690 0.241379 0.500000 0.137931
0.000000 0.000000 1.000000 0.000000
0.000000 0.000000 0.982759 0.017241
0.000000 0.000000 0.931034 0.068966
0.000000 0.000000 1.000000 0.000000
0.982759 0.000000 0.017241 0.000000
0.000000 0.224138 0.172414 0.603448
0.189655 0.034483 0.000000 0.775862
0.000000 0.000000 1.000000 0.000000
0.017241 0.000000 0.000000 0.982759
0.000000 1.000000 0.000000 0.000000
0.931034 0.068966 0.000000 0.000000
0.965517 0.000000 0.000000 0.034483
0.206897 0.000000 0.741379 0.051724
0.000000 0.103448 0.206897 0.689655

