MEME version 4

ALPHABET= ACGT

strands: + -

Background letter frequencies
A 0.25 C 0.25 G 0.25 T 0.25

MOTIF 96_motif_1
letter-probability matrix: alength= 4 w= 16 nsites= 20 E= 0
0.486945 0.088773 0.187990 0.236292
0.309399 0.086162 0.114883 0.489556
0.732376 0.078329 0.050914 0.138381
0.422977 0.204961 0.080940 0.291123
0.719321 0.011749 0.195822 0.073107
0.724543 0.006527 0.246736 0.022193
0.613577 0.193211 0.061358 0.131854
0.578329 0.005222 0.071802 0.344648
1.000000 0.000000 0.000000 0.000000
0.998695 0.000000 0.001305 0.000000
0.212794 0.000000 0.787206 0.000000
0.000000 0.139687 0.822454 0.037859
0.011749 0.913838 0.074413 0.000000
0.001305 0.943864 0.054830 0.000000
0.100522 0.822454 0.045692 0.031332
0.071802 0.855091 0.050914 0.022193

MOTIF 96_motif_2
letter-probability matrix: alength= 4 w= 16 nsites= 20 E= 0
0.145251 0.000000 0.074488 0.780261
0.998138 0.000000 0.001862 0.000000
0.759777 0.102421 0.067039 0.070764
0.135940 0.000000 0.000000 0.864060
0.994413 0.005587 0.000000 0.000000
0.000000 0.070764 0.798883 0.130354
0.340782 0.072626 0.335196 0.251397
0.152700 0.271881 0.450652 0.124767
0.331471 0.089385 0.005587 0.573557
0.942272 0.000000 0.000000 0.057728
0.052142 0.940410 0.000000 0.007449
0.000000 0.000000 0.176909 0.823091
1.000000 0.000000 0.000000 0.000000
0.005587 0.011173 0.029795 0.953445
0.009311 0.001862 0.000000 0.988827
0.687151 0.312849 0.000000 0.000000

MOTIF 96_motif_3
letter-probability matrix: alength= 4 w= 16 nsites= 20 E= 0
0.000000 0.000000 1.000000 0.000000
0.000000 0.046512 0.953488 0.000000
0.502326 0.488372 0.009302 0.000000
0.093023 0.906977 0.000000 0.000000
0.176744 0.074419 0.000000 0.748837
0.018605 0.423256 0.000000 0.558140
0.004651 0.995349 0.000000 0.000000
0.000000 0.004651 0.972093 0.023256
0.013953 0.000000 0.986047 0.000000
0.000000 0.004651 0.748837 0.246512
0.000000 0.944186 0.027907 0.027907
0.000000 1.000000 0.000000 0.000000
0.265116 0.255814 0.455814 0.023256
0.000000 0.720930 0.004651 0.274419
0.000000 0.618605 0.000000 0.381395
0.000000 0.306977 0.000000 0.693023

MOTIF 20_motif_1
letter-probability matrix: alength= 4 w= 16 nsites= 20 E= 0
0.000000 0.607692 0.000000 0.392308
0.115385 0.230769 0.492308 0.161538
0.000000 0.000000 1.000000 0.000000
0.000000 0.000000 0.992308 0.007692
0.000000 0.000000 0.938462 0.061538
0.007692 0.000000 0.992308 0.000000
0.976923 0.000000 0.023077 0.000000
0.000000 0.200000 0.184615 0.615385
0.161538 0.023077 0.000000 0.815385
0.000000 0.000000 1.000000 0.000000
0.007692 0.000000 0.000000 0.992308
0.000000 1.000000 0.000000 0.000000
0.938462 0.061538 0.000000 0.000000
0.976923 0.000000 0.000000 0.023077
0.215385 0.000000 0.738462 0.046154
0.000000 0.092308 0.215385 0.692308

MOTIF 20_motif_2
letter-probability matrix: alength= 4 w= 15 nsites= 20 E= 0
0.000000 0.287671 0.000000 0.712329
0.000000 1.000000 0.000000 0.000000
0.986301 0.013699 0.000000 0.000000
0.000000 0.904110 0.000000 0.095890
0.000000 0.000000 1.000000 0.000000
0.095890 0.000000 0.109589 0.794521
0.506849 0.013699 0.479452 0.000000
0.136986 0.095890 0.671233 0.095890
0.000000 0.095890 0.000000 0.904110
0.000000 0.904110 0.095890 0.000000
1.000000 0.000000 0.000000 0.000000
0.000000 0.904110 0.095890 0.000000
0.000000 0.000000 1.000000 0.000000
0.000000 0.000000 0.123288 0.876712
0.191781 0.013699 0.794521 0.000000

MOTIF 20_motif_3
letter-probability matrix: alength= 4 w= 15 nsites= 20 E= 0
0.000000 0.157143 0.842857 0.000000
0.214286 0.000000 0.157143 0.628571
0.000000 0.000000 1.000000 0.000000
0.042857 0.357143 0.000000 0.600000
0.114286 0.028571 0.657143 0.200000
0.185714 0.000000 0.000000 0.814286
0.000000 0.000000 0.971429 0.028571
0.000000 0.428571 0.114286 0.457143
0.157143 0.000000 0.842857 0.000000
0.271429 0.000000 0.000000 0.728571
0.000000 0.000000 1.000000 0.000000
0.000000 0.000000 0.000000 1.000000
0.000000 0.000000 1.000000 0.000000
0.514286 0.200000 0.000000 0.285714
0.028571 0.142857 0.828571 0.000000

MOTIF 26_motif_1
letter-probability matrix: alength= 4 w= 16 nsites= 20 E= 0
0.000000 0.604651 0.000000 0.395349
0.116279 0.232558 0.488372 0.162791
0.000000 0.000000 1.000000 0.000000
0.000000 0.000000 0.992248 0.007752
0.000000 0.000000 0.937984 0.062016
0.007752 0.000000 0.992248 0.000000
0.976744 0.000000 0.023256 0.000000
0.000000 0.201550 0.186047 0.612403
0.155039 0.023256 0.000000 0.821705
0.000000 0.000000 1.000000 0.000000
0.000000 0.000000 0.000000 1.000000
0.000000 1.000000 0.000000 0.000000
0.945736 0.054264 0.000000 0.000000
0.976744 0.000000 0.000000 0.023256
0.217054 0.000000 0.736434 0.046512
0.000000 0.085271 0.217054 0.697674

MOTIF 26_motif_2
letter-probability matrix: alength= 4 w= 16 nsites= 20 E= 0
0.601064 0.005319 0.228723 0.164894
0.180851 0.313830 0.106383 0.398936
0.808511 0.031915 0.111702 0.047872
0.462766 0.255319 0.031915 0.250000
0.648936 0.079787 0.223404 0.047872
0.691489 0.015957 0.281915 0.010638
0.707447 0.122340 0.037234 0.132979
0.691489 0.000000 0.106383 0.202128
1.000000 0.000000 0.000000 0.000000
0.920213 0.000000 0.079787 0.000000
0.218085 0.005319 0.776596 0.000000
0.069149 0.303191 0.606383 0.021277
0.010638 0.845745 0.111702 0.031915
0.005319 0.936170 0.058511 0.000000
0.085106 0.845745 0.063830 0.005319
0.154255 0.771277 0.058511 0.015957

MOTIF 26_motif_3
letter-probability matrix: alength= 4 w= 16 nsites= 20 E= 0
0.000000 0.000000 0.000000 1.000000
0.988889 0.000000 0.000000 0.011111
0.855556 0.000000 0.000000 0.144444
0.100000 0.000000 0.000000 0.900000
0.711111 0.222222 0.000000 0.066667
0.055556 0.111111 0.666667 0.166667
0.022222 0.000000 0.000000 0.977778
0.477778 0.033333 0.255556 0.233333
0.000000 0.511111 0.111111 0.377778
0.377778 0.188889 0.000000 0.433333
0.000000 0.833333 0.044444 0.122222
0.000000 0.000000 0.000000 1.000000
0.966667 0.000000 0.000000 0.033333
0.000000 0.000000 0.111111 0.888889
0.000000 0.000000 0.000000 1.000000
0.877778 0.000000 0.000000 0.122222

MOTIF 93_motif_1
letter-probability matrix: alength= 4 w= 16 nsites= 20 E= 0
0.404858 0.161943 0.151147 0.282051
0.487179 0.044534 0.085020 0.383266
0.600540 0.136302 0.089069 0.174089
0.502024 0.134953 0.076923 0.286100
0.730094 0.014845 0.202429 0.052632
0.790823 0.055331 0.125506 0.028340
0.458839 0.179487 0.222672 0.139001
0.650472 0.005398 0.013495 0.330634
1.000000 0.000000 0.000000 0.000000
1.000000 0.000000 0.000000 0.000000
0.202429 0.000000 0.797571 0.000000
0.000000 0.031039 0.923077 0.045884
0.013495 0.893387 0.093117 0.000000
0.000000 0.881242 0.118758 0.000000
0.075574 0.920378 0.004049 0.000000
0.024291 0.844804 0.075574 0.055331

MOTIF 93_motif_2
letter-probability matrix: alength= 4 w= 16 nsites= 20 E= 0
0.149338 0.000000 0.071834 0.778828
0.998110 0.000000 0.001890 0.000000
0.758034 0.102079 0.068053 0.071834
0.134216 0.000000 0.000000 0.865784
0.994329 0.005671 0.000000 0.000000
0.000000 0.071834 0.799622 0.128544
0.349716 0.069943 0.328922 0.251418
0.153119 0.272212 0.451796 0.122873
0.325142 0.092628 0.005671 0.576560
0.937618 0.000000 0.000000 0.062382
0.054820 0.933837 0.000000 0.011342
0.000000 0.000000 0.177694 0.822306
1.000000 0.000000 0.000000 0.000000
0.005671 0.011342 0.028355 0.954631
0.011342 0.001890 0.000000 0.986767
0.697543 0.302457 0.000000 0.000000

MOTIF 93_motif_3
letter-probability matrix: alength= 4 w= 16 nsites= 20 E= 0
0.000000 0.000000 1.000000 0.000000
0.000000 0.047393 0.952607 0.000000
0.502370 0.488152 0.009479 0.000000
0.085308 0.914692 0.000000 0.000000
0.180095 0.071090 0.000000 0.748815
0.018957 0.421801 0.000000 0.559242
0.004739 0.995261 0.000000 0.000000
0.000000 0.000000 0.981043 0.018957
0.014218 0.000000 0.985782 0.000000
0.000000 0.004739 0.753555 0.241706
0.000000 0.943128 0.028436 0.028436
0.000000 1.000000 0.000000 0.000000
0.265403 0.251185 0.459716 0.023697
0.000000 0.725118 0.004739 0.270142
0.000000 0.616114 0.000000 0.383886
0.000000 0.303318 0.000000 0.696682

MOTIF 56_motif_1
letter-probability matrix: alength= 4 w= 15 nsites= 20 E= 0
0.011287 0.036117 0.823928 0.128668
0.000000 0.069977 0.864560 0.065463
0.000000 0.112867 0.837472 0.049661
0.000000 0.056433 0.927765 0.015801
0.000000 0.801354 0.196388 0.002257
0.000000 0.990971 0.002257 0.006772
0.000000 0.000000 0.000000 1.000000
0.000000 0.000000 0.000000 1.000000
0.248307 0.004515 0.000000 0.747178
0.234763 0.126411 0.137698 0.501129
0.000000 0.273138 0.054176 0.672686
0.033860 0.194131 0.038375 0.733634
0.214447 0.110609 0.216704 0.458239
0.112867 0.074492 0.146727 0.665914
0.363431 0.081264 0.083521 0.471783

MOTIF 56_motif_2
letter-probability matrix: alength= 4 w= 16 nsites= 20 E= 0
0.000000 0.000000 0.100775 0.899225
0.989664 0.000000 0.000000 0.010336
0.788114 0.000000 0.002584 0.209302
0.116279 0.072351 0.000000 0.811370
0.596899 0.400517 0.000000 0.002584
0.012920 0.131783 0.583979 0.271318
0.080103 0.000000 0.000000 0.919897
0.578811 0.000000 0.227390 0.193798
0.046512 0.428941 0.227390 0.297158
0.255814 0.152455 0.025840 0.565891
0.118863 0.739018 0.018088 0.124031
0.000000 0.000000 0.000000 1.000000
0.935401 0.007752 0.000000 0.056848
0.000000 0.183463 0.087855 0.728682
0.000000 0.000000 0.000000 1.000000
0.759690 0.000000 0.000000 0.240310

MOTIF 56_motif_3
letter-probability matrix: alength= 4 w= 16 nsites= 20 E= 0
0.000 0.624 0.000 0.376
0.112 0.216 0.504 0.168
0.000 0.000 1.000 0.000
0.000 0.000 1.000 0.000
0.000 0.000 0.944 0.056
0.008 0.000 0.992 0.000
0.976 0.000 0.024 0.000
0.000 0.176 0.192 0.632
0.160 0.000 0.000 0.840
0.000 0.000 1.000 0.000
0.000 0.000 0.000 1.000
0.000 1.000 0.000 0.000
0.944 0.056 0.000 0.000
1.000 0.000 0.000 0.000
0.224 0.000 0.728 0.048
0.000 0.088 0.224 0.688

MOTIF 98_motif_1
letter-probability matrix: alength= 4 w= 16 nsites= 20 E= 0
0.489796 0.089286 0.188776 0.232143
0.297194 0.084184 0.117347 0.501276
0.739796 0.070153 0.052296 0.137755
0.414541 0.206633 0.085459 0.293367
0.719388 0.011480 0.193878 0.075255
0.724490 0.006378 0.247449 0.021684
0.608418 0.196429 0.065051 0.130102
0.567602 0.005102 0.075255 0.352041
1.000000 0.000000 0.000000 0.000000
0.998724 0.000000 0.001276 0.000000
0.225765 0.000000 0.774235 0.000000
0.000000 0.135204 0.827806 0.036990
0.002551 0.915816 0.081633 0.000000
0.008929 0.941327 0.049745 0.000000
0.100765 0.826531 0.043367 0.029337
0.072704 0.854592 0.048469 0.024235

MOTIF 98_motif_2
letter-probability matrix: alength= 4 w= 16 nsites= 20 E= 0
0.000000 0.000000 0.351816 0.648184
0.988528 0.000000 0.001912 0.009560
0.948375 0.034417 0.011472 0.005736
0.000000 0.000000 0.000000 1.000000
0.866157 0.133843 0.000000 0.000000
0.001912 0.000000 0.944551 0.053537
0.059273 0.005736 0.000000 0.934990
0.609943 0.000000 0.076482 0.313576
0.087954 0.483748 0.282983 0.145315
0.267686 0.326960 0.076482 0.328872
0.095602 0.839388 0.065010 0.000000
0.000000 0.000000 0.000000 1.000000
0.904398 0.000000 0.000000 0.095602
0.072658 0.066922 0.095602 0.764818
0.000000 0.000000 0.000000 1.000000
0.804971 0.089866 0.000000 0.105163

MOTIF 98_motif_3
letter-probability matrix: alength= 4 w= 16 nsites= 20 E= 0
0.000000 0.000000 1.000000 0.000000
0.000000 0.045249 0.954751 0.000000
0.493213 0.479638 0.027149 0.000000
0.090498 0.909502 0.000000 0.000000
0.171946 0.067873 0.000000 0.760181
0.018100 0.407240 0.000000 0.574661
0.004525 0.995475 0.000000 0.000000
0.000000 0.004525 0.972851 0.022624
0.013575 0.000000 0.986425 0.000000
0.000000 0.022624 0.733032 0.244344
0.000000 0.950226 0.022624 0.027149
0.000000 1.000000 0.000000 0.000000
0.257919 0.271493 0.447964 0.022624
0.000000 0.710407 0.004525 0.285068
0.000000 0.601810 0.000000 0.398190
0.000000 0.294118 0.000000 0.705882

MOTIF 6_motif_1
letter-probability matrix: alength= 4 w= 16 nsites= 20 E= 0
0.029412 0.617647 0.000000 0.352941
0.176471 0.235294 0.441176 0.147059
0.352941 0.000000 0.617647 0.029412
0.029412 0.088235 0.529412 0.352941
0.000000 0.000000 0.500000 0.500000
0.000000 0.000000 1.000000 0.000000
0.529412 0.000000 0.470588 0.000000
0.000000 0.176471 0.529412 0.294118
0.058824 0.000000 0.000000 0.941176
0.000000 0.000000 1.000000 0.000000
0.000000 0.000000 0.000000 1.000000
0.000000 1.000000 0.000000 0.000000
0.970588 0.029412 0.000000 0.000000
1.000000 0.000000 0.000000 0.000000
0.117647 0.058824 0.794118 0.029412
0.088235 0.117647 0.176471 0.617647

MOTIF 6_motif_2
letter-probability matrix: alength= 4 w= 15 nsites= 20 E= 0
0.696970 0.000000 0.181818 0.121212
0.484848 0.151515 0.000000 0.363636
0.000000 0.000000 0.000000 1.000000
0.060606 0.000000 0.242424 0.696970
0.939394 0.060606 0.000000 0.000000
0.757576 0.242424 0.000000 0.000000
0.515152 0.181818 0.000000 0.303030
0.454545 0.242424 0.121212 0.181818
0.848485 0.000000 0.151515 0.000000
0.878788 0.000000 0.090909 0.030303
0.696970 0.212121 0.060606 0.030303
0.666667 0.000000 0.000000 0.333333
0.060606 0.000000 0.606061 0.333333
0.151515 0.393939 0.000000 0.454545
0.515152 0.000000 0.060606 0.424242

MOTIF 6_motif_3
letter-probability matrix: alength= 4 w= 15 nsites= 20 E= 0
0.655172 0.275862 0.000000 0.068966
1.000000 0.000000 0.000000 0.000000
0.310345 0.413793 0.034483 0.241379
0.275862 0.034483 0.655172 0.034483
0.827586 0.172414 0.000000 0.000000
0.793103 0.137931 0.068966 0.000000
0.793103 0.000000 0.206897 0.000000
1.000000 0.000000 0.000000 0.000000
0.827586 0.000000 0.172414 0.000000
0.310345 0.206897 0.482759 0.000000
0.206897 0.793103 0.000000 0.000000
0.103448 0.758621 0.137931 0.000000
0.034483 0.931034 0.034483 0.000000
0.000000 0.655172 0.241379 0.103448
0.034483 0.517241 0.448276 0.000000

MOTIF 5_motif_1
letter-probability matrix: alength= 4 w= 15 nsites= 20 E= 0
0.058824 0.529412 0.000000 0.411765
0.294118 0.235294 0.411765 0.058824
0.705882 0.000000 0.176471 0.117647
0.058824 0.235294 0.000000 0.705882
0.000000 0.000000 0.000000 1.000000
0.000000 0.000000 1.000000 0.000000
0.058824 0.058824 0.882353 0.000000
0.000000 0.176471 0.823529 0.000000
0.000000 0.000000 0.000000 1.000000
0.000000 0.000000 1.000000 0.000000
0.000000 0.000000 0.000000 1.000000
0.000000 1.000000 0.000000 0.000000
1.000000 0.000000 0.000000 0.000000
1.000000 0.000000 0.000000 0.000000
0.000000 0.117647 0.882353 0.000000

MOTIF 5_motif_2
letter-probability matrix: alength= 4 w= 16 nsites= 20 E= 0
0.125 0.000 0.000 0.875
0.000 0.050 0.275 0.675
0.725 0.000 0.125 0.150
0.725 0.175 0.000 0.100
0.775 0.000 0.000 0.225
0.325 0.250 0.150 0.275
0.625 0.000 0.075 0.300
0.675 0.150 0.050 0.125
0.500 0.500 0.000 0.000
0.475 0.000 0.450 0.075
0.300 0.100 0.375 0.225
0.250 0.150 0.000 0.600
0.525 0.050 0.025 0.400
0.825 0.100 0.000 0.075
0.875 0.000 0.000 0.125
0.400 0.100 0.000 0.500

MOTIF 5_motif_3
letter-probability matrix: alength= 4 w= 15 nsites= 20 E= 0
0.115385 0.730769 0.153846 0.000000
0.038462 0.000000 0.961538 0.000000
0.000000 0.307692 0.653846 0.038462
0.000000 0.346154 0.653846 0.000000
0.000000 0.000000 1.000000 0.000000
0.000000 0.384615 0.615385 0.000000
0.000000 0.192308 0.192308 0.615385
0.000000 0.346154 0.000000 0.653846
0.000000 0.000000 0.000000 1.000000
0.000000 0.192308 0.000000 0.807692
0.000000 0.000000 0.192308 0.807692
0.038462 0.653846 0.076923 0.230769
0.153846 0.192308 0.423077 0.230769
0.192308 0.115385 0.000000 0.692308
0.000000 0.038462 0.000000 0.961538

MOTIF 52_motif_1
letter-probability matrix: alength= 4 w= 15 nsites= 20 E= 0
0.571831 0.177465 0.059155 0.191549
0.622535 0.118310 0.230986 0.028169
0.839437 0.073239 0.076056 0.011268
0.414085 0.152113 0.233803 0.200000
0.673239 0.000000 0.005634 0.321127
1.000000 0.000000 0.000000 0.000000
0.994366 0.000000 0.005634 0.000000
0.247887 0.000000 0.752113 0.000000
0.002817 0.016901 0.907042 0.073239
0.036620 0.960563 0.002817 0.000000
0.000000 1.000000 0.000000 0.000000
0.000000 1.000000 0.000000 0.000000
0.000000 0.859155 0.140845 0.000000
0.202817 0.084507 0.416901 0.295775
0.312676 0.036620 0.000000 0.650704

MOTIF 52_motif_2
letter-probability matrix: alength= 4 w= 16 nsites= 20 E= 0
0.000000 0.000000 0.023810 0.976190
0.980159 0.000000 0.000000 0.019841
0.980159 0.000000 0.000000 0.019841
0.095238 0.000000 0.000000 0.904762
0.761905 0.226190 0.000000 0.011905
0.000000 0.000000 0.813492 0.186508
0.087302 0.000000 0.000000 0.912698
0.654762 0.000000 0.138889 0.206349
0.000000 0.583333 0.194444 0.222222
0.317460 0.182540 0.019841 0.480159
0.007937 0.777778 0.111111 0.103175
0.000000 0.000000 0.000000 1.000000
0.984127 0.000000 0.000000 0.015873
0.091270 0.071429 0.099206 0.738095
0.000000 0.000000 0.000000 1.000000
0.849206 0.000000 0.000000 0.150794

MOTIF 52_motif_3
letter-probability matrix: alength= 4 w= 16 nsites= 20 E= 0
0.000000 0.612403 0.000000 0.387597
0.108527 0.232558 0.496124 0.162791
0.000000 0.000000 1.000000 0.000000
0.000000 0.000000 1.000000 0.000000
0.000000 0.000000 0.945736 0.054264
0.007752 0.000000 0.992248 0.000000
0.976744 0.000000 0.023256 0.000000
0.000000 0.193798 0.186047 0.620155
0.162791 0.023256 0.000000 0.813953
0.000000 0.000000 1.000000 0.000000
0.007752 0.000000 0.000000 0.992248
0.000000 1.000000 0.000000 0.000000
0.937984 0.062016 0.000000 0.000000
0.976744 0.000000 0.000000 0.023256
0.217054 0.000000 0.736434 0.046512
0.000000 0.093023 0.217054 0.689922

MOTIF 12_motif_1
letter-probability matrix: alength= 4 w= 16 nsites= 20 E= 0
0.000000 0.510417 0.000000 0.489583
0.072917 0.156250 0.656250 0.114583
0.000000 0.000000 1.000000 0.000000
0.000000 0.000000 1.000000 0.000000
0.000000 0.000000 1.000000 0.000000
0.000000 0.000000 1.000000 0.000000
1.000000 0.000000 0.000000 0.000000
0.000000 0.156250 0.020833 0.822917
0.208333 0.000000 0.000000 0.791667
0.000000 0.000000 1.000000 0.000000
0.000000 0.000000 0.000000 1.000000
0.000000 1.000000 0.000000 0.000000
1.000000 0.000000 0.000000 0.000000
1.000000 0.000000 0.000000 0.000000
0.166667 0.000000 0.770833 0.062500
0.000000 0.041667 0.239583 0.718750

MOTIF 12_motif_2
letter-probability matrix: alength= 4 w= 16 nsites= 20 E= 0
0.348485 0.106061 0.545455 0.000000
0.000000 0.318182 0.000000 0.681818
0.000000 1.000000 0.000000 0.000000
0.984848 0.015152 0.000000 0.000000
0.000000 0.893939 0.000000 0.106061
0.000000 0.000000 1.000000 0.000000
0.000000 0.000000 0.121212 0.878788
0.454545 0.015152 0.530303 0.000000
0.151515 0.106061 0.636364 0.106061
0.000000 0.106061 0.000000 0.893939
0.000000 0.893939 0.106061 0.000000
1.000000 0.000000 0.000000 0.000000
0.000000 1.000000 0.000000 0.000000
0.000000 0.000000 1.000000 0.000000
0.000000 0.000000 0.030303 0.969697
0.212121 0.015152 0.772727 0.000000

MOTIF 12_motif_3
letter-probability matrix: alength= 4 w= 16 nsites= 20 E= 0
0.000000 0.028986 0.869565 0.101449
0.217391 0.000000 0.043478 0.739130
0.014493 0.000000 0.753623 0.231884
0.188406 0.304348 0.000000 0.507246
0.000000 0.130435 0.869565 0.000000
0.000000 0.000000 0.000000 1.000000
0.115942 0.000000 0.739130 0.144928
0.289855 0.405797 0.086957 0.217391
0.000000 0.000000 0.985507 0.014493
0.000000 0.000000 0.000000 1.000000
0.000000 0.000000 0.956522 0.043478
0.101449 0.101449 0.000000 0.797101
0.000000 0.101449 0.898551 0.000000
0.231884 0.086957 0.144928 0.536232
0.028986 0.000000 0.782609 0.188406
0.565217 0.000000 0.130435 0.304348

MOTIF 55_motif_1
letter-probability matrix: alength= 4 w= 15 nsites= 20 E= 0
0.009091 0.036364 0.825000 0.129545
0.000000 0.070455 0.863636 0.065909
0.000000 0.113636 0.836364 0.050000
0.000000 0.056818 0.927273 0.015909
0.000000 0.806818 0.190909 0.002273
0.000000 0.990909 0.002273 0.006818
0.000000 0.000000 0.000000 1.000000
0.000000 0.000000 0.000000 1.000000
0.250000 0.004545 0.000000 0.745455
0.234091 0.127273 0.138636 0.500000
0.000000 0.275000 0.054545 0.670455
0.034091 0.195455 0.034091 0.736364
0.213636 0.111364 0.218182 0.456818
0.111364 0.070455 0.147727 0.670455
0.365909 0.081818 0.079545 0.472727

MOTIF 55_motif_2
letter-probability matrix: alength= 4 w= 16 nsites= 20 E= 0
0.149351 0.000000 0.012987 0.837662
1.000000 0.000000 0.000000 0.000000
0.720779 0.103896 0.081169 0.094156
0.032468 0.000000 0.000000 0.967532
1.000000 0.000000 0.000000 0.000000
0.100649 0.097403 0.759740 0.042208
0.441558 0.032468 0.120130 0.405844
0.120130 0.217532 0.639610 0.022727
0.246753 0.064935 0.000000 0.688312
0.850649 0.045455 0.000000 0.103896
0.178571 0.811688 0.000000 0.009740
0.000000 0.000000 0.227273 0.772727
0.899351 0.000000 0.000000 0.100649
0.000000 0.003247 0.006494 0.990260
0.019481 0.000000 0.006494 0.974026
0.925325 0.061688 0.012987 0.000000

MOTIF 55_motif_3
letter-probability matrix: alength= 4 w= 16 nsites= 20 E= 0
0.000 0.624 0.000 0.376
0.112 0.216 0.504 0.168
0.000 0.000 1.000 0.000
0.000 0.000 1.000 0.000
0.000 0.000 0.944 0.056
0.008 0.000 0.992 0.000
0.976 0.000 0.024 0.000
0.000 0.176 0.192 0.632
0.160 0.000 0.000 0.840
0.000 0.000 1.000 0.000
0.000 0.000 0.000 1.000
0.000 1.000 0.000 0.000
0.944 0.056 0.000 0.000
1.000 0.000 0.000 0.000
0.224 0.000 0.728 0.048
0.000 0.088 0.224 0.688

MOTIF 76_motif_1
letter-probability matrix: alength= 4 w= 16 nsites= 20 E= 0
0.528926 0.042975 0.200000 0.228099
0.317355 0.142149 0.076033 0.464463
0.757025 0.084298 0.062810 0.095868
0.484298 0.208264 0.062810 0.244628
0.735537 0.028099 0.204959 0.031405
0.654545 0.008264 0.332231 0.004959
0.639669 0.171901 0.023140 0.165289
0.652893 0.004959 0.046281 0.295868
1.000000 0.000000 0.000000 0.000000
0.947107 0.000000 0.052893 0.000000
0.148760 0.001653 0.847934 0.001653
0.000000 0.185124 0.780165 0.034711
0.016529 0.864463 0.119008 0.000000
0.000000 0.933884 0.066116 0.000000
0.102479 0.823140 0.059504 0.014876
0.117355 0.809917 0.064463 0.008264

MOTIF 76_motif_2
letter-probability matrix: alength= 4 w= 15 nsites= 20 E= 0
0.002558 0.000000 0.035806 0.961637
0.961637 0.038363 0.000000 0.000000
0.728900 0.107417 0.025575 0.138107
0.038363 0.000000 0.000000 0.961637
1.000000 0.000000 0.000000 0.000000
0.000000 0.081841 0.790281 0.127877
0.337596 0.058824 0.153453 0.450128
0.115090 0.194373 0.583120 0.107417
0.181586 0.020460 0.092072 0.705882
0.774936 0.074169 0.000000 0.150895
0.005115 0.994885 0.000000 0.000000
0.000000 0.000000 0.125320 0.874680
0.992327 0.000000 0.000000 0.007673
0.000000 0.122762 0.015345 0.861893
0.025575 0.000000 0.000000 0.974425

MOTIF 76_motif_3
letter-probability matrix: alength= 4 w= 16 nsites= 20 E= 0
0.000000 0.000000 1.000000 0.000000
0.000000 0.052941 0.947059 0.000000
0.476471 0.500000 0.023529 0.000000
0.041176 0.958824 0.000000 0.000000
0.205882 0.070588 0.000000 0.723529
0.023529 0.429412 0.000000 0.547059
0.000000 1.000000 0.000000 0.000000
0.000000 0.000000 0.976471 0.023529
0.017647 0.000000 0.982353 0.000000
0.000000 0.017647 0.747059 0.235294
0.000000 0.929412 0.035294 0.035294
0.000000 1.000000 0.000000 0.000000
0.252941 0.258824 0.464706 0.023529
0.000000 0.711765 0.005882 0.282353
0.000000 0.600000 0.000000 0.400000
0.000000 0.288235 0.000000 0.711765

MOTIF 25_motif_1
letter-probability matrix: alength= 4 w= 16 nsites= 20 E= 0
0.000000 0.604651 0.000000 0.395349
0.116279 0.232558 0.488372 0.162791
0.000000 0.000000 1.000000 0.000000
0.000000 0.000000 0.992248 0.007752
0.000000 0.000000 0.937984 0.062016
0.007752 0.000000 0.992248 0.000000
0.976744 0.000000 0.023256 0.000000
0.000000 0.201550 0.186047 0.612403
0.155039 0.023256 0.000000 0.821705
0.000000 0.000000 1.000000 0.000000
0.000000 0.000000 0.000000 1.000000
0.000000 1.000000 0.000000 0.000000
0.945736 0.054264 0.000000 0.000000
0.976744 0.000000 0.000000 0.023256
0.217054 0.000000 0.736434 0.046512
0.000000 0.085271 0.217054 0.697674

MOTIF 25_motif_2
letter-probability matrix: alength= 4 w= 16 nsites= 20 E= 0
0.644330 0.005155 0.216495 0.134021
0.201031 0.304124 0.103093 0.391753
0.804124 0.030928 0.118557 0.046392
0.438144 0.283505 0.030928 0.247423
0.664948 0.056701 0.231959 0.046392
0.654639 0.020619 0.314433 0.010309
0.742268 0.123711 0.005155 0.128866
0.695876 0.000000 0.108247 0.195876
1.000000 0.000000 0.000000 0.000000
0.886598 0.000000 0.113402 0.000000
0.211340 0.005155 0.783505 0.000000
0.072165 0.350515 0.556701 0.020619
0.010309 0.860825 0.097938 0.030928
0.005155 0.938144 0.056701 0.000000
0.087629 0.819588 0.072165 0.020619
0.149485 0.731959 0.103093 0.015464

MOTIF 25_motif_3
letter-probability matrix: alength= 4 w= 16 nsites= 20 E= 0
0.000000 0.000000 0.000000 1.000000
0.988889 0.000000 0.000000 0.011111
0.855556 0.000000 0.000000 0.144444
0.100000 0.000000 0.000000 0.900000
0.711111 0.222222 0.000000 0.066667
0.055556 0.111111 0.666667 0.166667
0.022222 0.000000 0.000000 0.977778
0.477778 0.033333 0.255556 0.233333
0.000000 0.511111 0.111111 0.377778
0.377778 0.188889 0.000000 0.433333
0.000000 0.833333 0.044444 0.122222
0.000000 0.000000 0.000000 1.000000
0.966667 0.000000 0.000000 0.033333
0.000000 0.000000 0.111111 0.888889
0.000000 0.000000 0.000000 1.000000
0.877778 0.000000 0.000000 0.122222

MOTIF 15_motif_1
letter-probability matrix: alength= 4 w= 16 nsites= 20 E= 0
0.000000 0.608333 0.000000 0.391667
0.108333 0.216667 0.525000 0.150000
0.000000 0.000000 1.000000 0.000000
0.000000 0.000000 1.000000 0.000000
0.000000 0.000000 0.941667 0.058333
0.000000 0.000000 1.000000 0.000000
1.000000 0.000000 0.000000 0.000000
0.000000 0.175000 0.166667 0.658333
0.166667 0.000000 0.000000 0.833333
0.000000 0.000000 1.000000 0.000000
0.000000 0.000000 0.000000 1.000000
0.000000 1.000000 0.000000 0.000000
0.950000 0.050000 0.000000 0.000000
1.000000 0.000000 0.000000 0.000000
0.225000 0.000000 0.725000 0.050000
0.000000 0.083333 0.233333 0.683333

MOTIF 15_motif_2
letter-probability matrix: alength= 4 w= 16 nsites= 20 E= 0
0.328767 0.191781 0.479452 0.000000
0.000000 0.287671 0.000000 0.712329
0.000000 1.000000 0.000000 0.000000
0.986301 0.013699 0.000000 0.000000
0.000000 0.904110 0.000000 0.095890
0.000000 0.000000 1.000000 0.000000
0.095890 0.000000 0.109589 0.794521
0.506849 0.000000 0.493151 0.000000
0.136986 0.095890 0.671233 0.095890
0.000000 0.095890 0.000000 0.904110
0.000000 0.890411 0.095890 0.013699
1.000000 0.000000 0.000000 0.000000
0.000000 0.904110 0.095890 0.000000
0.000000 0.000000 1.000000 0.000000
0.000000 0.000000 0.109589 0.890411
0.191781 0.013699 0.794521 0.000000

MOTIF 15_motif_3
letter-probability matrix: alength= 4 w= 15 nsites= 20 E= 0
0.000000 0.195876 0.804124 0.000000
0.402062 0.000000 0.000000 0.597938
0.000000 0.216495 0.783505 0.000000
0.113402 0.319588 0.000000 0.567010
0.010309 0.092784 0.804124 0.092784
0.144330 0.000000 0.000000 0.855670
0.000000 0.000000 0.824742 0.175258
0.000000 0.360825 0.329897 0.309278
0.319588 0.000000 0.670103 0.010309
0.381443 0.000000 0.144330 0.474227
0.000000 0.000000 1.000000 0.000000
0.175258 0.000000 0.000000 0.824742
0.000000 0.000000 1.000000 0.000000
0.391753 0.268041 0.154639 0.185567
0.020619 0.000000 0.979381 0.000000

MOTIF 38_motif_1
letter-probability matrix: alength= 4 w= 16 nsites= 20 E= 0
0.000000 0.582090 0.000000 0.417910
0.111940 0.223881 0.507463 0.156716
0.000000 0.000000 1.000000 0.000000
0.037313 0.000000 0.955224 0.007463
0.000000 0.000000 0.940299 0.059701
0.007463 0.000000 0.992537 0.000000
0.977612 0.000000 0.022388 0.000000
0.000000 0.194030 0.179104 0.626866
0.149254 0.022388 0.000000 0.828358
0.000000 0.000000 1.000000 0.000000
0.000000 0.000000 0.000000 1.000000
0.000000 0.962687 0.000000 0.037313
0.947761 0.052239 0.000000 0.000000
0.977612 0.000000 0.000000 0.022388
0.246269 0.000000 0.708955 0.044776
0.000000 0.089552 0.238806 0.671642

MOTIF 38_motif_2
letter-probability matrix: alength= 4 w= 16 nsites= 20 E= 0
0.000000 0.000000 0.000000 1.000000
0.975806 0.000000 0.000000 0.024194
0.911290 0.000000 0.000000 0.088710
0.112903 0.000000 0.000000 0.887097
0.677419 0.217742 0.000000 0.104839
0.072581 0.016129 0.669355 0.241935
0.048387 0.000000 0.000000 0.951613
0.669355 0.032258 0.112903 0.185484
0.032258 0.629032 0.000000 0.338710
0.370968 0.193548 0.000000 0.435484
0.000000 0.620968 0.120968 0.258065
0.000000 0.000000 0.000000 1.000000
0.927419 0.000000 0.016129 0.056452
0.129032 0.000000 0.000000 0.870968
0.032258 0.000000 0.000000 0.967742
0.854839 0.000000 0.000000 0.145161

MOTIF 38_motif_3
letter-probability matrix: alength= 4 w= 16 nsites= 20 E= 0
0.033333 0.147619 0.819048 0.000000
0.004762 0.585714 0.409524 0.000000
0.000000 0.709524 0.290476 0.000000
0.000000 0.609524 0.390476 0.000000
0.000000 0.604762 0.323810 0.071429
0.023810 0.909524 0.066667 0.000000
0.066667 0.028571 0.004762 0.900000
0.000000 0.128571 0.023810 0.847619
0.214286 0.523810 0.066667 0.195238
0.190476 0.280952 0.357143 0.171429
0.114286 0.095238 0.790476 0.000000
0.100000 0.104762 0.695238 0.100000
0.000000 0.414286 0.585714 0.000000
0.000000 0.185714 0.795238 0.019048
0.042857 0.490476 0.433333 0.033333
0.000000 0.861905 0.138095 0.000000

MOTIF 54_motif_1
letter-probability matrix: alength= 4 w= 15 nsites= 20 E= 0
0.009390 0.037559 0.823944 0.129108
0.000000 0.070423 0.863850 0.065728
0.000000 0.112676 0.838028 0.049296
0.000000 0.056338 0.927230 0.016432
0.000000 0.805164 0.192488 0.002347
0.000000 0.990610 0.002347 0.007042
0.000000 0.000000 0.000000 1.000000
0.000000 0.000000 0.000000 1.000000
0.248826 0.004695 0.000000 0.746479
0.232394 0.129108 0.138498 0.500000
0.000000 0.274648 0.056338 0.669014
0.035211 0.197183 0.035211 0.732394
0.213615 0.110329 0.218310 0.457746
0.115023 0.070423 0.145540 0.669014
0.366197 0.082160 0.079812 0.471831

MOTIF 54_motif_2
letter-probability matrix: alength= 4 w= 16 nsites= 20 E= 0
0.000000 0.000000 0.108761 0.891239
0.987915 0.000000 0.000000 0.012085
0.779456 0.000000 0.003021 0.217523
0.126888 0.009063 0.000000 0.864048
0.649547 0.347432 0.000000 0.003021
0.015106 0.069486 0.625378 0.290030
0.072508 0.000000 0.000000 0.927492
0.574018 0.000000 0.244713 0.181269
0.021148 0.471299 0.250755 0.256798
0.274924 0.151057 0.024169 0.549849
0.030211 0.815710 0.015106 0.138973
0.000000 0.000000 0.000000 1.000000
0.957704 0.006042 0.000000 0.036254
0.000000 0.199396 0.096677 0.703927
0.000000 0.000000 0.000000 1.000000
0.818731 0.000000 0.000000 0.181269

MOTIF 54_motif_3
letter-probability matrix: alength= 4 w= 16 nsites= 20 E= 0
0.000000 0.609375 0.000000 0.390625
0.109375 0.234375 0.492188 0.164062
0.000000 0.000000 1.000000 0.000000
0.000000 0.000000 1.000000 0.000000
0.000000 0.000000 0.945312 0.054688
0.007812 0.000000 0.992188 0.000000
0.976562 0.000000 0.023438 0.000000
0.000000 0.195312 0.187500 0.617188
0.156250 0.023438 0.000000 0.820312
0.000000 0.000000 1.000000 0.000000
0.000000 0.000000 0.000000 1.000000
0.000000 1.000000 0.000000 0.000000
0.945312 0.054688 0.000000 0.000000
0.976562 0.000000 0.000000 0.023438
0.218750 0.000000 0.734375 0.046875
0.000000 0.085938 0.218750 0.695312

MOTIF 18_motif_1
letter-probability matrix: alength= 4 w= 16 nsites= 20 E= 0
0.000000 0.607692 0.000000 0.392308
0.115385 0.230769 0.492308 0.161538
0.000000 0.000000 1.000000 0.000000
0.000000 0.000000 0.992308 0.007692
0.000000 0.000000 0.938462 0.061538
0.007692 0.000000 0.992308 0.000000
0.976923 0.000000 0.023077 0.000000
0.000000 0.200000 0.184615 0.615385
0.161538 0.023077 0.000000 0.815385
0.000000 0.000000 1.000000 0.000000
0.007692 0.000000 0.000000 0.992308
0.000000 1.000000 0.000000 0.000000
0.938462 0.061538 0.000000 0.000000
0.976923 0.000000 0.000000 0.023077
0.215385 0.000000 0.738462 0.046154
0.000000 0.092308 0.215385 0.692308

MOTIF 18_motif_2
letter-probability matrix: alength= 4 w= 16 nsites= 20 E= 0
0.324324 0.189189 0.486486 0.000000
0.000000 0.283784 0.000000 0.716216
0.000000 1.000000 0.000000 0.000000
0.986486 0.013514 0.000000 0.000000
0.000000 0.905405 0.000000 0.094595
0.000000 0.013514 0.986486 0.000000
0.094595 0.000000 0.108108 0.797297
0.500000 0.000000 0.500000 0.000000
0.135135 0.094595 0.675676 0.094595
0.000000 0.094595 0.000000 0.905405
0.000000 0.891892 0.094595 0.013514
0.986486 0.000000 0.013514 0.000000
0.000000 0.905405 0.094595 0.000000
0.000000 0.000000 1.000000 0.000000
0.000000 0.000000 0.108108 0.891892
0.189189 0.013514 0.797297 0.000000

MOTIF 18_motif_3
letter-probability matrix: alength= 4 w= 15 nsites= 20 E= 0
0.000000 0.126582 0.873418 0.000000
0.303797 0.000000 0.126582 0.569620
0.000000 0.000000 1.000000 0.000000
0.164557 0.303797 0.000000 0.531646
0.101266 0.025316 0.708861 0.164557
0.189873 0.000000 0.000000 0.810127
0.000000 0.000000 0.974684 0.025316
0.000000 0.367089 0.227848 0.405063
0.227848 0.000000 0.734177 0.037975
0.316456 0.000000 0.000000 0.683544
0.000000 0.000000 1.000000 0.000000
0.000000 0.000000 0.000000 1.000000
0.000000 0.000000 1.000000 0.000000
0.455696 0.164557 0.101266 0.278481
0.025316 0.113924 0.860759 0.000000

MOTIF 74_motif_1
letter-probability matrix: alength= 4 w= 15 nsites= 20 E= 0
0.020270 0.055743 0.866554 0.057432
0.000000 0.054054 0.885135 0.060811
0.000000 0.121622 0.829392 0.048986
0.000000 0.057432 0.923986 0.018581
0.032095 0.888514 0.077703 0.001689
0.000000 0.841216 0.001689 0.157095
0.000000 0.000000 0.000000 1.000000
0.000000 0.000000 0.000000 1.000000
0.261824 0.003378 0.003378 0.731419
0.199324 0.207770 0.145270 0.447635
0.005068 0.184122 0.065878 0.744932
0.035473 0.179054 0.018581 0.766892
0.233108 0.125000 0.185811 0.456081
0.126689 0.089527 0.146959 0.636824
0.373311 0.062500 0.054054 0.510135

MOTIF 74_motif_2
letter-probability matrix: alength= 4 w= 16 nsites= 20 E= 0
0.143223 0.000000 0.017903 0.838875
0.997442 0.000000 0.002558 0.000000
0.682864 0.107417 0.120205 0.089514
0.030691 0.000000 0.000000 0.969309
1.000000 0.000000 0.000000 0.000000
0.076726 0.079284 0.800512 0.043478
0.452685 0.033248 0.143223 0.370844
0.102302 0.255754 0.608696 0.033248
0.235294 0.040921 0.000000 0.723785
0.872123 0.048593 0.000000 0.079284
0.194373 0.792839 0.000000 0.012788
0.000000 0.000000 0.240409 0.759591
0.923274 0.000000 0.000000 0.076726
0.046036 0.010230 0.010230 0.933504
0.010230 0.000000 0.000000 0.989770
0.849105 0.145780 0.005115 0.000000

MOTIF 74_motif_3
letter-probability matrix: alength= 4 w= 16 nsites= 20 E= 0
0.000000 0.000000 1.000000 0.000000
0.000000 0.054545 0.945455 0.000000
0.466667 0.503030 0.030303 0.000000
0.030303 0.969697 0.000000 0.000000
0.218182 0.066667 0.000000 0.715152
0.024242 0.436364 0.000000 0.539394
0.000000 1.000000 0.000000 0.000000
0.000000 0.000000 0.975758 0.024242
0.018182 0.000000 0.981818 0.000000
0.000000 0.024242 0.745455 0.230303
0.000000 0.927273 0.036364 0.036364
0.000000 1.000000 0.000000 0.000000
0.254545 0.260606 0.466667 0.018182
0.000000 0.715152 0.006061 0.278788
0.000000 0.593939 0.000000 0.406061
0.000000 0.290909 0.000000 0.709091

MOTIF 69_motif_1
letter-probability matrix: alength= 4 w= 15 nsites= 20 E= 0
0.602041 0.157143 0.063265 0.177551
0.648980 0.097959 0.228571 0.024490
0.840816 0.069388 0.071429 0.018367
0.393878 0.144898 0.269388 0.191837
0.691837 0.000000 0.004082 0.304082
1.000000 0.000000 0.000000 0.000000
1.000000 0.000000 0.000000 0.000000
0.253061 0.000000 0.746939 0.000000
0.000000 0.014286 0.912245 0.073469
0.012245 0.924490 0.063265 0.000000
0.000000 0.946939 0.053061 0.000000
0.000000 1.000000 0.000000 0.000000
0.000000 0.857143 0.136735 0.006122
0.242857 0.061224 0.408163 0.287755
0.359184 0.014286 0.000000 0.626531

MOTIF 69_motif_2
letter-probability matrix: alength= 4 w= 16 nsites= 20 E= 0
0.159664 0.000000 0.005602 0.834734
0.991597 0.000000 0.008403 0.000000
0.694678 0.109244 0.098039 0.098039
0.011204 0.000000 0.000000 0.988796
0.997199 0.002801 0.000000 0.000000
0.100840 0.092437 0.764706 0.042017
0.456583 0.030812 0.109244 0.403361
0.109244 0.210084 0.655462 0.025210
0.224090 0.044818 0.000000 0.731092
0.840336 0.053221 0.000000 0.106443
0.182073 0.803922 0.000000 0.014006
0.000000 0.000000 0.224090 0.775910
0.899160 0.000000 0.000000 0.100840
0.000000 0.011204 0.000000 0.988796
0.014006 0.000000 0.000000 0.985994
0.946779 0.039216 0.014006 0.000000

MOTIF 69_motif_3
letter-probability matrix: alength= 4 w= 16 nsites= 20 E= 0
0.000000 0.181818 0.818182 0.000000
0.000000 0.045455 0.954545 0.000000
0.328283 0.479798 0.191919 0.000000
0.000000 1.000000 0.000000 0.000000
0.161616 0.025253 0.000000 0.813131
0.020202 0.297980 0.005051 0.676768
0.000000 1.000000 0.000000 0.000000
0.095960 0.000000 0.883838 0.020202
0.000000 0.000000 0.904040 0.095960
0.000000 0.020202 0.540404 0.439394
0.000000 0.974747 0.000000 0.025253
0.000000 0.818182 0.181818 0.000000
0.181818 0.469697 0.348485 0.000000
0.000000 0.803030 0.000000 0.196970
0.000000 0.398990 0.000000 0.601010
0.000000 0.161616 0.095960 0.742424

MOTIF 99_motif_1
letter-probability matrix: alength= 4 w= 16 nsites= 20 E= 0
0.489873 0.088608 0.189873 0.231646
0.296203 0.087342 0.116456 0.500000
0.741772 0.069620 0.051899 0.136709
0.415190 0.207595 0.084810 0.292405
0.718987 0.011392 0.193671 0.075949
0.722785 0.006329 0.249367 0.021519
0.610127 0.194937 0.065823 0.129114
0.570886 0.005063 0.074684 0.349367
1.000000 0.000000 0.000000 0.000000
0.998734 0.000000 0.001266 0.000000
0.229114 0.000000 0.770886 0.000000
0.000000 0.137975 0.824051 0.037975
0.002532 0.916456 0.081013 0.000000
0.010127 0.939241 0.050633 0.000000
0.100000 0.824051 0.044304 0.031646
0.072152 0.853165 0.049367 0.025316

MOTIF 99_motif_2
letter-probability matrix: alength= 4 w= 16 nsites= 20 E= 0
0.000000 0.000000 0.351816 0.648184
0.988528 0.000000 0.001912 0.009560
0.948375 0.034417 0.011472 0.005736
0.000000 0.000000 0.000000 1.000000
0.866157 0.133843 0.000000 0.000000
0.001912 0.000000 0.944551 0.053537
0.059273 0.005736 0.000000 0.934990
0.609943 0.000000 0.076482 0.313576
0.087954 0.483748 0.282983 0.145315
0.267686 0.326960 0.076482 0.328872
0.095602 0.839388 0.065010 0.000000
0.000000 0.000000 0.000000 1.000000
0.904398 0.000000 0.000000 0.095602
0.072658 0.066922 0.095602 0.764818
0.000000 0.000000 0.000000 1.000000
0.804971 0.089866 0.000000 0.105163

MOTIF 99_motif_3
letter-probability matrix: alength= 4 w= 16 nsites= 20 E= 0
0.000000 0.000000 1.000000 0.000000
0.000000 0.045249 0.954751 0.000000
0.493213 0.479638 0.027149 0.000000
0.090498 0.909502 0.000000 0.000000
0.171946 0.067873 0.000000 0.760181
0.018100 0.407240 0.000000 0.574661
0.004525 0.995475 0.000000 0.000000
0.000000 0.004525 0.972851 0.022624
0.013575 0.000000 0.986425 0.000000
0.000000 0.022624 0.733032 0.244344
0.000000 0.950226 0.022624 0.027149
0.000000 1.000000 0.000000 0.000000
0.257919 0.271493 0.447964 0.022624
0.000000 0.710407 0.004525 0.285068
0.000000 0.601810 0.000000 0.398190
0.000000 0.294118 0.000000 0.705882

MOTIF 86_motif_1
letter-probability matrix: alength= 4 w= 16 nsites= 20 E= 0
0.553130 0.069869 0.179039 0.197962
0.279476 0.148472 0.101892 0.470160
0.770015 0.075691 0.059680 0.094614
0.467249 0.208151 0.066958 0.257642
0.726346 0.021834 0.197962 0.053857
0.694323 0.005822 0.295488 0.004367
0.628821 0.181951 0.048035 0.141194
0.614265 0.005822 0.061135 0.318777
1.000000 0.000000 0.000000 0.000000
0.947598 0.000000 0.052402 0.000000
0.186317 0.000000 0.813683 0.000000
0.021834 0.149927 0.807860 0.020378
0.004367 0.866084 0.117904 0.011645
0.000000 0.944687 0.055313 0.000000
0.101892 0.828239 0.048035 0.021834
0.109170 0.847162 0.030568 0.013100

MOTIF 86_motif_2
letter-probability matrix: alength= 4 w= 15 nsites= 20 E= 0
1.000000 0.000000 0.000000 0.000000
0.718377 0.114558 0.076372 0.090692
0.054893 0.000000 0.000000 0.945107
1.000000 0.000000 0.000000 0.000000
0.007160 0.081146 0.852029 0.059666
0.417661 0.042959 0.202864 0.336516
0.102625 0.260143 0.594272 0.042959
0.272076 0.042959 0.000000 0.684964
0.873508 0.052506 0.000000 0.073986
0.083532 0.916468 0.000000 0.000000
0.000000 0.000000 0.140811 0.859189
0.992840 0.000000 0.000000 0.007160
0.011933 0.014320 0.019093 0.954654
0.000000 0.002387 0.000000 0.997613
0.768496 0.231504 0.000000 0.000000

MOTIF 86_motif_3
letter-probability matrix: alength= 4 w= 16 nsites= 20 E= 0
0.000000 0.000000 1.000000 0.000000
0.000000 0.050761 0.949239 0.000000
0.482234 0.487310 0.030457 0.000000
0.055838 0.944162 0.000000 0.000000
0.197970 0.060914 0.000000 0.741117
0.020305 0.426396 0.000000 0.553299
0.005076 0.994924 0.000000 0.000000
0.000000 0.000000 0.979695 0.020305
0.015228 0.000000 0.984772 0.000000
0.000000 0.025381 0.741117 0.233503
0.000000 0.934010 0.035533 0.030457
