<!DOCTYPE HTML>
<html>
  <head>
    <meta charset="UTF-8">
    <title>Tomtom Results</title>
    <script>
      // @JSON_VAR data
      var data = {
        "program": "Tomtom",
        "version": "5.5.4",
        "release": "Fri Jun 16 12:19:08 2023 -0700",
        "cmd": [
          "tomtom", "-dist", "ed", "-min-overlap", "8", "-thresh", "1e-10",
          "-oc",
          "/home/hanzequan/test_bectiral/operator_recongize/picture_10_phage_tfbs/EvoMega/scripts/output/NC_000929/motif_meme/fimo_results/tomtom_results.tsv",
          "-verbosity", "1",
          "/home/hanzequan/test_bectiral/operator_recongize/picture_10_phage_tfbs/EvoMega/scripts/output/NC_000929/motif_meme/fimo_results/tomtom_results.tsv/combined_motifs.meme",
          "/home/hanzequan/test_bectiral/operator_recongize/picture_10_phage_tfbs/EvoMega/scripts/output/NC_000929/motif_meme/fimo_results/tomtom_results.tsv/combined_motifs.meme"
        ],
        "options": {
          "strands": "both",
          "distance_measure": "ed",
          "threshold_type": "qvalue",
          "threshold_value": 1e-10,
          "background_source": "--query--"
        },
        "alphabet": {
          "name": "DNA",
          "like": "dna",
          "ncore": 4,
          "symbols": [
            {
              "symbol": "A",
              "name": "Adenine",
              "colour": "CC0000",
              "complement": "T"
            }, {
              "symbol": "C",
              "name": "Cytosine",
              "colour": "0000CC",
              "complement": "G"
            }, {
              "symbol": "G",
              "name": "Guanine",
              "colour": "FFB300",
              "complement": "C"
            }, {
              "symbol": "T",
              "aliases": "U",
              "name": "Thymine",
              "colour": "008000",
              "complement": "A"
            }, {
              "symbol": "N",
              "aliases": "X.",
              "name": "Any base",
              "equals": "ACGT"
            }, {
              "symbol": "V",
              "name": "Not T",
              "equals": "ACG"
            }, {
              "symbol": "H",
              "name": "Not G",
              "equals": "ACT"
            }, {
              "symbol": "D",
              "name": "Not C",
              "equals": "AGT"
            }, {
              "symbol": "B",
              "name": "Not A",
              "equals": "CGT"
            }, {
              "symbol": "M",
              "name": "Amino",
              "equals": "AC"
            }, {
              "symbol": "R",
              "name": "Purine",
              "equals": "AG"
            }, {
              "symbol": "W",
              "name": "Weak",
              "equals": "AT"
            }, {
              "symbol": "S",
              "name": "Strong",
              "equals": "CG"
            }, {
              "symbol": "Y",
              "name": "Pyrimidine",
              "equals": "CT"
            }, {
              "symbol": "K",
              "name": "Keto",
              "equals": "GT"
            }
          ]
        },
        "background": [0.25, 0.25, 0.25, 0.25],
        "query_dbs": [
          {
            "source": "/home/hanzequan/test_bectiral/operator_recongize/picture_10_phage_tfbs/EvoMega/scripts/output/NC_000929/motif_meme/fimo_results/tomtom_results.tsv/combined_motifs.meme",
            "name": "combined_motifs",
            "loaded": 303,
            "excluded": 0,
            "last_modified": "Thu Dec 19 21:32:46 2024"
          }
        ],
        "target_dbs": [
          {
            "source": "/home/hanzequan/test_bectiral/operator_recongize/picture_10_phage_tfbs/EvoMega/scripts/output/NC_000929/motif_meme/fimo_results/tomtom_results.tsv/combined_motifs.meme",
            "name": "combined_motifs",
            "loaded": 303,
            "excluded": 0,
            "last_modified": "Thu Dec 19 21:32:46 2024"
          }
        ],
        "queries": [
          {
            "db": 0,
            "id": "100_motif_1",
            "len": 16,
            "nsites": 20,
            "pwm": [
              [0.49005, 0.0895522, 0.189055, 0.231343], 
              [0.29602, 0.0895522, 0.118159, 0.496269], 
              [0.737562, 0.0696517, 0.0534826, 0.139303], 
              [0.411692, 0.208955, 0.0858209, 0.293532], 
              [0.715174, 0.0124378, 0.192786, 0.079602], 
              [0.721393, 0.00746269, 0.248756, 0.0223881], 
              [0.608209, 0.196517, 0.0671642, 0.128109], 
              [0.568408, 0.00621891, 0.0758706, 0.349502], 
              [0.996269, 0.00124378, 0.00124378, 0.00124378], 
              [0.995025, 0.00124378, 0.00248756, 0.00124378], 
              [0.228856, 0.00124378, 0.768657, 0.00124378], 
              [0.00124378, 0.139303, 0.820896, 0.0385572], 
              [0.00373134, 0.914179, 0.0808458, 0.00124378], 
              [0.011194, 0.936567, 0.050995, 0.00124378], 
              [0.0995025, 0.822139, 0.0447761, 0.0335821], 
              [0.0733831, 0.848259, 0.0497512, 0.028607]
            ]
          }, {
            "db": 0,
            "id": "100_motif_2",
            "len": 15,
            "nsites": 20,
            "pwm": [
              [0.00296517, 0.00640796, 0.0804328, 0.910194], 
              [0.960117, 0.0322308, 0.00640796, 0.00124378], 
              [0.73288, 0.094205, 0.0735463, 0.0993692], 
              [0.142407, 0.00124378, 0.00124378, 0.855105], 
              [0.991104, 0.00640796, 0.00124378, 0.00124378], 
              [0.0115731, 0.0597751, 0.786246, 0.142407], 
              [0.211267, 0.0821542, 0.276684, 0.429897], 
              [0.0528886, 0.309392, 0.491871, 0.14585], 
              [0.252582, 0.0322308, 0.00640796, 0.708779], 
              [0.8947, 0.0391164, 0.00124378, 0.0649393], 
              [0.0150159, 0.972168, 0.00124378, 0.0115731], 
              [0.00124378, 0.00124378, 0.121748, 0.875764], 
              [0.932573, 0.00124378, 0.00124378, 0.0649393], 
              [0.00640796, 0.0477244, 0.0339522, 0.911915], 
              [0.00985174, 0.00296517, 0.00124378, 0.985939]
            ]
          }, {
            "db": 0,
            "id": "100_motif_3",
            "len": 15,
            "nsites": 20,
            "pwm": [
              [0.00124378, 0.00967662, 0.987836, 0.00124378], 
              [0.00124378, 0.102433, 0.89508, 0.00124378], 
              [0.393351, 0.532486, 0.0729194, 0.00124378], 
              [0.0349731, 0.962539, 0.00124378, 0.00124378], 
              [0.186757, 0.0476219, 0.0054597, 0.760161], 
              [0.0181085, 0.368054, 0.00967662, 0.604161], 
              [0.0054597, 0.987836, 0.0054597, 0.00124378], 
              [0.00124378, 0.0181085, 0.933026, 0.0476219], 
              [0.00124378, 0.00124378, 0.996269, 0.00124378], 
              [0.00124378, 0.0476219, 0.730648, 0.220487], 
              [0.00124378, 0.878215, 0.094, 0.0265413], 
              [0.00124378, 0.992053, 0.0054597, 0.00124378], 
              [0.199406, 0.342756, 0.456594, 0.00124378], 
              [0.00124378, 0.621026, 0.115082, 0.262649], 
              [0.00124378, 0.540918, 0.00124378, 0.456594]
            ]
          }, {
            "db": 0,
            "id": "101_motif_1",
            "len": 16,
            "nsites": 20,
            "pwm": [
              [0.393299, 0.137718, 0.171217, 0.297766], 
              [0.486349, 0.0446677, 0.137718, 0.331265], 
              [0.545902, 0.129034, 0.0831284, 0.241935], 
              [0.544662, 0.120349, 0.0955353, 0.239454], 
              [0.687339, 0.0620368, 0.191068, 0.0595552], 
              [0.833739, 0.0521114, 0.0955353, 0.0186129], 
              [0.452851, 0.181142, 0.233251, 0.132756], 
              [0.641435, 0.00620697, 0.0235761, 0.328783], 
              [0.996269, 0.00124378, 0.00124378, 0.00124378], 
              [0.996269, 0.00124378, 0.00124378, 0.00124378], 
              [0.280397, 0.00124378, 0.717115, 0.00124378], 
              [0.00124378, 0.00124378, 0.923069, 0.0744438], 
              [0.0136507, 0.890811, 0.0942945, 0.00124378], 
              [0.00124378, 0.906939, 0.0905731, 0.00124378], 
              [0.0434269, 0.954086, 0.00124378, 0.00124378], 
              [0.0384637, 0.785353, 0.131515, 0.0446677]
            ]
          }, {
            "db": 0,
            "id": "101_motif_2",
            "len": 16,
            "nsites": 20,
            "pwm": [
              [0.134141, 0.00124378, 0.0796189, 0.784996], 
              [0.996269, 0.00124378, 0.00124378, 0.00124378], 
              [0.771366, 0.100065, 0.0625811, 0.0659881], 
              [0.134141, 0.00124378, 0.00124378, 0.863371], 
              [0.991157, 0.00635522, 0.00124378, 0.00124378], 
              [0.00124378, 0.0659881, 0.803738, 0.12903], 
              [0.309634, 0.110288, 0.336895, 0.243185], 
              [0.169921, 0.260223, 0.434012, 0.135845], 
              [0.323264, 0.0864338, 0.00635522, 0.583946], 
              [0.946858, 0.00124378, 0.00124378, 0.0506547], 
              [0.0523582, 0.941746, 0.00124378, 0.00465174], 
              [0.00124378, 0.00805871, 0.166513, 0.824184], 
              [0.996269, 0.00124378, 0.00124378, 0.00124378], 
              [0.00635522, 0.0114667, 0.0336159, 0.948562], 
              [0.0387274, 0.00294726, 0.00124378, 0.957081], 
              [0.660618, 0.336895, 0.00124378, 0.00124378]
            ]
          }, {
            "db": 0,
            "id": "101_motif_3",
            "len": 16,
            "nsites": 20,
            "pwm": [
              [0.00124378, 0.134677, 0.862836, 0.00124378], 
              [0.00124378, 0.0355552, 0.946708, 0.0164935], 
              [0.44729, 0.439665, 0.10799, 0.00505572], 
              [0.0813035, 0.916209, 0.00124378, 0.00124378], 
              [0.1728, 0.0660537, 0.00124378, 0.759902], 
              [0.0164935, 0.412978, 0.00886866, 0.56166], 
              [0.00124378, 0.996269, 0.00124378, 0.00124378], 
              [0.0241184, 0.00124378, 0.946708, 0.0279303], 
              [0.0126806, 0.00124378, 0.984832, 0.00124378], 
              [0.00505572, 0.0126806, 0.676031, 0.306232], 
              [0.00124378, 0.942896, 0.0279303, 0.0279303], 
              [0.00124378, 0.866649, 0.130864, 0.00124378], 
              [0.229985, 0.332918, 0.416791, 0.0203055], 
              [0.00124378, 0.756091, 0.00124378, 0.241422], 
              [0.00124378, 0.527349, 0.00124378, 0.470163], 
              [0.00124378, 0.25286, 0.00505572, 0.740841]
            ]
          }, {
            "db": 0,
            "id": "10_motif_1",
            "len": 16,
            "nsites": 20,
            "pwm": [
              [0.00124378, 0.560945, 0.00124378, 0.436567], 
              [0.113184, 0.187811, 0.585821, 0.113184], 
              [0.00124378, 0.00124378, 0.996269, 0.00124378], 
              [0.00124378, 0.00124378, 0.996269, 0.00124378], 
              [0.00124378, 0.00124378, 0.971393, 0.0261194], 
              [0.00124378, 0.00124378, 0.996269, 0.00124378], 
              [0.996269, 0.00124378, 0.00124378, 0.00124378], 
              [0.00124378, 0.13806, 0.13806, 0.722637], 
              [0.200249, 0.00124378, 0.00124378, 0.797264], 
              [0.00124378, 0.00124378, 0.996269, 0.00124378], 
              [0.00124378, 0.00124378, 0.00124378, 0.996269], 
              [0.00124378, 0.996269, 0.00124378, 0.00124378], 
              [0.996269, 0.00124378, 0.00124378, 0.00124378], 
              [0.996269, 0.00124378, 0.00124378, 0.00124378], 
              [0.187811, 0.00124378, 0.747512, 0.0634328], 
              [0.00124378, 0.100746, 0.25, 0.64801]
            ]
          }, {
            "db": 0,
            "id": "10_motif_2",
            "len": 16,
            "nsites": 20,
            "pwm": [
              [0.332918, 0.0933761, 0.572462, 0.00124378], 
              [0.00124378, 0.27764, 0.00124378, 0.719873], 
              [0.00124378, 0.996269, 0.00124378, 0.00124378], 
              [0.88571, 0.111802, 0.00124378, 0.00124378], 
              [0.00124378, 0.904136, 0.00124378, 0.0933761], 
              [0.00124378, 0.00124378, 0.996269, 0.00124378], 
              [0.00124378, 0.0933761, 0.130229, 0.775152], 
              [0.498756, 0.0196706, 0.480329, 0.00124378], 
              [0.167082, 0.0933761, 0.646167, 0.0933761], 
              [0.00124378, 0.0933761, 0.00124378, 0.904136], 
              [0.00124378, 0.793578, 0.185507, 0.0196706], 
              [0.996269, 0.00124378, 0.00124378, 0.00124378], 
              [0.00124378, 0.996269, 0.00124378, 0.00124378], 
              [0.00124378, 0.00124378, 0.996269, 0.00124378], 
              [0.00124378, 0.00124378, 0.0380965, 0.959416], 
              [0.185507, 0.111802, 0.701447, 0.00124378]
            ]
          }, {
            "db": 0,
            "id": "10_motif_3",
            "len": 15,
            "nsites": 20,
            "pwm": [
              [0.00124378, 0.160448, 0.837065, 0.00124378], 
              [0.220149, 0.00124378, 0.140547, 0.63806], 
              [0.00124378, 0.00124378, 0.996269, 0.00124378], 
              [0.0211443, 0.319652, 0.00124378, 0.65796], 
              [0.120647, 0.0410448, 0.677861, 0.160448], 
              [0.220149, 0.00124378, 0.00124378, 0.777363], 
              [0.00124378, 0.00124378, 0.956468, 0.0410448], 
              [0.00124378, 0.419154, 0.100746, 0.478856], 
              [0.180348, 0.00124378, 0.817164, 0.00124378], 
              [0.24005, 0.00124378, 0.00124378, 0.757463], 
              [0.00124378, 0.00124378, 0.996269, 0.00124378], 
              [0.00124378, 0.00124378, 0.00124378, 0.996269], 
              [0.00124378, 0.00124378, 0.996269, 0.00124378], 
              [0.538557, 0.180348, 0.00124378, 0.279851], 
              [0.0410448, 0.120647, 0.837065, 0.00124378]
            ]
          }, {
            "db": 0,
            "id": "11_motif_1",
            "len": 16,
            "nsites": 20,
            "pwm": [
              [0.00124378, 0.532678, 0.00124378, 0.464835], 
              [0.0690866, 0.204771, 0.623134, 0.103008], 
              [0.00124378, 0.00124378, 0.996269, 0.00124378], 
              [0.00124378, 0.00124378, 0.996269, 0.00124378], 
              [0.00124378, 0.00124378, 0.996269, 0.00124378], 
              [0.00124378, 0.00124378, 0.996269, 0.00124378], 
              [0.996269, 0.00124378, 0.00124378, 0.00124378], 
              [0.00124378, 0.148236, 0.0690866, 0.781434], 
              [0.204771, 0.00124378, 0.00124378, 0.792741], 
              [0.00124378, 0.00124378, 0.996269, 0.00124378], 
              [0.00124378, 0.00124378, 0.00124378, 0.996269], 
              [0.00124378, 0.996269, 0.00124378, 0.00124378], 
              [0.996269, 0.00124378, 0.00124378, 0.00124378], 
              [0.996269, 0.00124378, 0.00124378, 0.00124378], 
              [0.204771, 0.00124378, 0.724899, 0.0690866], 
              [0.00124378, 0.0464726, 0.272614, 0.67967]
            ]
          }, {
            "db": 0,
            "id": "11_motif_2",
            "len": 16,
            "nsites": 20,
            "pwm": [
              [0.327736, 0.0945274, 0.576493, 0.00124378], 
              [0.00124378, 0.281095, 0.00124378, 0.716418], 
              [0.00124378, 0.996269, 0.00124378, 0.00124378], 
              [0.887438, 0.110075, 0.00124378, 0.00124378], 
              [0.00124378, 0.902985, 0.00124378, 0.0945274], 
              [0.00124378, 0.00124378, 0.996269, 0.00124378], 
              [0.00124378, 0.0945274, 0.125622, 0.778607], 
              [0.498756, 0.016791, 0.483209, 0.00124378], 
              [0.156716, 0.0945274, 0.654229, 0.0945274], 
              [0.00124378, 0.0945274, 0.00124378, 0.902985], 
              [0.00124378, 0.794154, 0.187811, 0.016791], 
              [0.996269, 0.00124378, 0.00124378, 0.00124378], 
              [0.00124378, 0.996269, 0.00124378, 0.00124378], 
              [0.00124378, 0.00124378, 0.996269, 0.00124378], 
              [0.00124378, 0.00124378, 0.0323383, 0.965174], 
              [0.187811, 0.110075, 0.700871, 0.00124378]
            ]
          }, {
            "db": 0,
            "id": "11_motif_3",
            "len": 16,
            "nsites": 20,
            "pwm": [
              [0.00124378, 0.00124378, 0.960732, 0.0367801], 
              [0.14339, 0.00124378, 0.00124378, 0.854122], 
              [0.0190119, 0.00124378, 0.783049, 0.196696], 
              [0.14339, 0.267768, 0.00124378, 0.587598], 
              [0.00124378, 0.214464, 0.783049, 0.00124378], 
              [0.00124378, 0.00124378, 0.00124378, 0.996269], 
              [0.125622, 0.00124378, 0.765281, 0.107854], 
              [0.232232, 0.534293, 0.00124378, 0.232232], 
              [0.00124378, 0.00124378, 0.996269, 0.00124378], 
              [0.00124378, 0.00124378, 0.107854, 0.889659], 
              [0.00124378, 0.00124378, 0.996269, 0.00124378], 
              [0.214464, 0.107854, 0.00124378, 0.676439], 
              [0.00124378, 0.107854, 0.889659, 0.00124378], 
              [0.214464, 0.0900856, 0.214464, 0.480988], 
              [0.00124378, 0.00124378, 0.800817, 0.196696], 
              [0.46322, 0.00124378, 0.25, 0.285536]
            ]
          }, {
            "db": 0,
            "id": "12_motif_1",
            "len": 16,
            "nsites": 20,
            "pwm": [
              [0.00124378, 0.509121, 0.00124378, 0.488391], 
              [0.073798, 0.156716, 0.654229, 0.115257], 
              [0.00124378, 0.00124378, 0.996269, 0.00124378], 
              [0.00124378, 0.00124378, 0.996269, 0.00124378], 
              [0.00124378, 0.00124378, 0.996269, 0.00124378], 
              [0.00124378, 0.00124378, 0.996269, 0.00124378], 
              [0.996269, 0.00124378, 0.00124378, 0.00124378], 
              [0.00124378, 0.156716, 0.0219731, 0.820067], 
              [0.20854, 0.00124378, 0.00124378, 0.788972], 
              [0.00124378, 0.00124378, 0.996269, 0.00124378], 
              [0.00124378, 0.00124378, 0.00124378, 0.996269], 
              [0.00124378, 0.996269, 0.00124378, 0.00124378], 
              [0.996269, 0.00124378, 0.00124378, 0.00124378], 
              [0.996269, 0.00124378, 0.00124378, 0.00124378], 
              [0.167082, 0.00124378, 0.768242, 0.0634328], 
              [0.00124378, 0.0427035, 0.239635, 0.716418]
            ]
          }, {
            "db": 0,
            "id": "12_motif_2",
            "len": 16,
            "nsites": 20,
            "pwm": [
              [0.347995, 0.106777, 0.543985, 0.00124378], 
              [0.00124378, 0.317843, 0.00124378, 0.67967], 
              [0.00124378, 0.996269, 0.00124378, 0.00124378], 
              [0.981192, 0.0163204, 0.00124378, 0.00124378], 
              [0.00124378, 0.890735, 0.00124378, 0.106777], 
              [0.00124378, 0.00124378, 0.996269, 0.00124378], 
              [0.00124378, 0.00124378, 0.121853, 0.87566], 
              [0.453527, 0.0163204, 0.528908, 0.00124378], 
              [0.152005, 0.106777, 0.634442, 0.106777], 
              [0.00124378, 0.106777, 0.00124378, 0.890735], 
              [0.00124378, 0.890735, 0.106777, 0.00124378], 
              [0.996269, 0.00124378, 0.00124378, 0.00124378], 
              [0.00124378, 0.996269, 0.00124378, 0.00124378], 
              [0.00124378, 0.00124378, 0.996269, 0.00124378], 
              [0.00124378, 0.00124378, 0.031396, 0.966116], 
              [0.212309, 0.0163204, 0.770126, 0.00124378]
            ]
          }, {
            "db": 0,
            "id": "12_motif_3",
            "len": 16,
            "nsites": 20,
            "pwm": [
              [0.00124378, 0.0300856, 0.866483, 0.102188], 
              [0.217553, 0.00124378, 0.0445055, 0.736697], 
              [0.0156647, 0.00124378, 0.751117, 0.231974], 
              [0.188712, 0.304078, 0.00124378, 0.505966], 
              [0.00124378, 0.13103, 0.866483, 0.00124378], 
              [0.00124378, 0.00124378, 0.00124378, 0.996269], 
              [0.116609, 0.00124378, 0.736697, 0.145451], 
              [0.289657, 0.405022, 0.0877682, 0.217553], 
              [0.00124378, 0.00124378, 0.981848, 0.0156647], 
              [0.00124378, 0.00124378, 0.00124378, 0.996269], 
              [0.00124378, 0.00124378, 0.953007, 0.0445055], 
              [0.102188, 0.102188, 0.00124378, 0.794379], 
              [0.00124378, 0.102188, 0.895324, 0.00124378], 
              [0.231974, 0.0877682, 0.145451, 0.534808], 
              [0.0300856, 0.00124378, 0.779959, 0.188712], 
              [0.563649, 0.00124378, 0.13103, 0.304078]
            ]
          }, {
            "db": 0,
            "id": "13_motif_1",
            "len": 16,
            "nsites": 20,
            "pwm": [
              [0.00124378, 0.546594, 0.00124378, 0.450918], 
              [0.0682169, 0.192595, 0.603999, 0.135189], 
              [0.00124378, 0.00124378, 0.996269, 0.00124378], 
              [0.00124378, 0.00124378, 0.996269, 0.00124378], 
              [0.00124378, 0.00124378, 0.967566, 0.0299463], 
              [0.00124378, 0.00124378, 0.996269, 0.00124378], 
              [0.996269, 0.00124378, 0.00124378, 0.00124378], 
              [0.00124378, 0.144757, 0.0969194, 0.75708], 
              [0.192595, 0.00124378, 0.00124378, 0.804917], 
              [0.00124378, 0.00124378, 0.996269, 0.00124378], 
              [0.00124378, 0.00124378, 0.00124378, 0.996269], 
              [0.00124378, 0.996269, 0.00124378, 0.00124378], 
              [0.996269, 0.00124378, 0.00124378, 0.00124378], 
              [0.996269, 0.00124378, 0.00124378, 0.00124378], 
              [0.202162, 0.00124378, 0.737945, 0.0586488], 
              [0.00124378, 0.0395144, 0.269135, 0.690107]
            ]
          }, {
            "db": 0,
            "id": "13_motif_2",
            "len": 15,
            "nsites": 20,
            "pwm": [
              [0.105374, 0.00124378, 0.892138, 0.00124378], 
              [0.00124378, 0.00124378, 0.0822338, 0.915279], 
              [0.00124378, 0.996269, 0.00124378, 0.00124378], 
              [0.915279, 0.0822338, 0.00124378, 0.00124378], 
              [0.00124378, 0.915279, 0.00124378, 0.0822338], 
              [0.00124378, 0.00124378, 0.996269, 0.00124378], 
              [0.00124378, 0.0822338, 0.093804, 0.822717], 
              [0.417766, 0.00124378, 0.579746, 0.00124378], 
              [0.186365, 0.163225, 0.568176, 0.0822338], 
              [0.00124378, 0.406196, 0.0822338, 0.510326], 
              [0.00124378, 0.498756, 0.244215, 0.255785], 
              [0.915279, 0.00124378, 0.00124378, 0.0822338], 
              [0.0822338, 0.915279, 0.00124378, 0.00124378], 
              [0.00124378, 0.00124378, 0.996269, 0.00124378], 
              [0.00124378, 0.00124378, 0.0822338, 0.915279]
            ]
          }, {
            "db": 0,
            "id": "13_motif_3",
            "len": 16,
            "nsites": 20,
            "pwm": [
              [0.0395144, 0.014001, 0.294649, 0.651837], 
              [0.00124378, 0.256378, 0.626323, 0.116055], 
              [0.192595, 0.511513, 0.141568, 0.154324], 
              [0.014001, 0.00124378, 0.881458, 0.103298], 
              [0.205351, 0.00124378, 0.179838, 0.613567], 
              [0.00124378, 0.00124378, 0.919728, 0.0777841], 
              [0.116055, 0.281892, 0.00124378, 0.60081], 
              [0.192595, 0.0905413, 0.715621, 0.00124378], 
              [0.00124378, 0.00124378, 0.00124378, 0.996269], 
              [0.00124378, 0.00124378, 0.996269, 0.00124378], 
              [0.269135, 0.549783, 0.00124378, 0.179838], 
              [0.0905413, 0.00124378, 0.817675, 0.0905413], 
              [0.00124378, 0.0777841, 0.179838, 0.741134], 
              [0.00124378, 0.00124378, 0.945242, 0.0522706], 
              [0.179838, 0.00124378, 0.00124378, 0.817675], 
              [0.014001, 0.00124378, 0.983511, 0.00124378]
            ]
          }, {
            "db": 0,
            "id": "14_motif_1",
            "len": 16,
            "nsites": 20,
            "pwm": [
              [0.00124378, 0.578713, 0.00124378, 0.418799], 
              [0.0989692, 0.178926, 0.560945, 0.161158], 
              [0.00124378, 0.00124378, 0.996269, 0.00124378], 
              [0.00124378, 0.00124378, 0.996269, 0.00124378], 
              [0.00124378, 0.00124378, 0.93408, 0.0634328], 
              [0.00124378, 0.00124378, 0.996269, 0.00124378], 
              [0.996269, 0.00124378, 0.00124378, 0.00124378], 
              [0.00124378, 0.134506, 0.161158, 0.703092], 
              [0.178926, 0.00124378, 0.00124378, 0.818586], 
              [0.00124378, 0.00124378, 0.996269, 0.00124378], 
              [0.00124378, 0.00124378, 0.00124378, 0.996269], 
              [0.00124378, 0.996269, 0.00124378, 0.00124378], 
              [0.996269, 0.00124378, 0.00124378, 0.00124378], 
              [0.996269, 0.00124378, 0.00124378, 0.00124378], 
              [0.187811, 0.00124378, 0.756397, 0.0545483], 
              [0.00124378, 0.0723174, 0.25, 0.676439]
            ]
          }, {
            "db": 0,
            "id": "14_motif_2",
            "len": 15,
            "nsites": 20,
            "pwm": [
              [0.105374, 0.00124378, 0.892138, 0.00124378], 
              [0.00124378, 0.00124378, 0.0822338, 0.915279], 
              [0.00124378, 0.996269, 0.00124378, 0.00124378], 
              [0.915279, 0.0822338, 0.00124378, 0.00124378], 
              [0.00124378, 0.915279, 0.00124378, 0.0822338], 
              [0.00124378, 0.00124378, 0.996269, 0.00124378], 
              [0.00124378, 0.0822338, 0.093804, 0.822717], 
              [0.417766, 0.00124378, 0.579746, 0.00124378], 
              [0.186365, 0.163225, 0.568176, 0.0822338], 
              [0.00124378, 0.406196, 0.0822338, 0.510326], 
              [0.00124378, 0.498756, 0.244215, 0.255785], 
              [0.915279, 0.00124378, 0.00124378, 0.0822338], 
              [0.0822338, 0.915279, 0.00124378, 0.00124378], 
              [0.00124378, 0.00124378, 0.996269, 0.00124378], 
              [0.00124378, 0.00124378, 0.0822338, 0.915279]
            ]
          }, {
            "db": 0,
            "id": "14_motif_3",
            "len": 15,
            "nsites": 20,
            "pwm": [
              [0.00124378, 0.196145, 0.801367, 0.00124378], 
              [0.401305, 0.00124378, 0.00124378, 0.596207], 
              [0.00124378, 0.216662, 0.780851, 0.00124378], 
              [0.114082, 0.319242, 0.00124378, 0.565433], 
              [0.0115015, 0.0935662, 0.801367, 0.0935662], 
              [0.144856, 0.00124378, 0.00124378, 0.852657], 
              [0.00124378, 0.00124378, 0.821883, 0.17563], 
              [0.00124378, 0.360274, 0.3295, 0.308983], 
              [0.319242, 0.00124378, 0.668013, 0.0115015], 
              [0.380789, 0.00124378, 0.144856, 0.473111], 
              [0.00124378, 0.00124378, 0.996269, 0.00124378], 
              [0.17563, 0.00124378, 0.00124378, 0.821883], 
              [0.00124378, 0.00124378, 0.996269, 0.00124378], 
              [0.391048, 0.267951, 0.155113, 0.185888], 
              [0.0217602, 0.00124378, 0.975752, 0.00124378]
            ]
          }, {
            "db": 0,
            "id": "15_motif_1",
            "len": 16,
            "nsites": 20,
            "pwm": [
              [0.00124378, 0.60655, 0.00124378, 0.390962], 
              [0.109038, 0.216833, 0.523632, 0.150498], 
              [0.00124378, 0.00124378, 0.996269, 0.00124378], 
              [0.00124378, 0.00124378, 0.996269, 0.00124378], 
              [0.00124378, 0.00124378, 0.938226, 0.0592866], 
              [0.00124378, 0.00124378, 0.996269, 0.00124378], 
              [0.996269, 0.00124378, 0.00124378, 0.00124378], 
              [0.00124378, 0.175373, 0.167082, 0.656301], 
              [0.167082, 0.00124378, 0.00124378, 0.830431], 
              [0.00124378, 0.00124378, 0.996269, 0.00124378], 
              [0.00124378, 0.00124378, 0.00124378, 0.996269], 
              [0.00124378, 0.996269, 0.00124378, 0.00124378], 
              [0.946517, 0.050995, 0.00124378, 0.00124378], 
              [0.996269, 0.00124378, 0.00124378, 0.00124378], 
              [0.225124, 0.00124378, 0.722637, 0.050995], 
              [0.00124378, 0.0841622, 0.233416, 0.681177]
            ]
          }, {
            "db": 0,
            "id": "15_motif_2",
            "len": 16,
            "nsites": 20,
            "pwm": [
              [0.328375, 0.192071, 0.47831, 0.00124378], 
              [0.00124378, 0.287484, 0.00124378, 0.710029], 
              [0.00124378, 0.996269, 0.00124378, 0.00124378], 
              [0.982638, 0.0148746, 0.00124378, 0.00124378], 
              [0.00124378, 0.900856, 0.00124378, 0.0966567], 
              [0.00124378, 0.00124378, 0.996269, 0.00124378], 
              [0.0966567, 0.00124378, 0.110288, 0.791812], 
              [0.505571, 0.00124378, 0.491941, 0.00124378], 
              [0.137548, 0.0966567, 0.669137, 0.0966567], 
              [0.00124378, 0.0966567, 0.00124378, 0.900856], 
              [0.00124378, 0.887225, 0.0966567, 0.0148746], 
              [0.996269, 0.00124378, 0.00124378, 0.00124378], 
              [0.00124378, 0.900856, 0.0966567, 0.00124378], 
              [0.00124378, 0.00124378, 0.996269, 0.00124378], 
              [0.00124378, 0.00124378, 0.110288, 0.887225], 
              [0.192071, 0.0148746, 0.791812, 0.00124378]
            ]
          }, {
            "db": 0,
            "id": "15_motif_3",
            "len": 15,
            "nsites": 20,
            "pwm": [
              [0.00124378, 0.196145, 0.801367, 0.00124378], 
              [0.401305, 0.00124378, 0.00124378, 0.596207], 
              [0.00124378, 0.216662, 0.780851, 0.00124378], 
              [0.114082, 0.319242, 0.00124378, 0.565433], 
              [0.0115015, 0.0935662, 0.801367, 0.0935662], 
              [0.144856, 0.00124378, 0.00124378, 0.852657], 
              [0.00124378, 0.00124378, 0.821883, 0.17563], 
              [0.00124378, 0.360274, 0.3295, 0.308983], 
              [0.319242, 0.00124378, 0.668013, 0.0115015], 
              [0.380789, 0.00124378, 0.144856, 0.473111], 
              [0.00124378, 0.00124378, 0.996269, 0.00124378], 
              [0.17563, 0.00124378, 0.00124378, 0.821883], 
              [0.00124378, 0.00124378, 0.996269, 0.00124378], 
              [0.391048, 0.267951, 0.155113, 0.185888], 
              [0.0217602, 0.00124378, 0.975752, 0.00124378]
            ]
          }, {
            "db": 0,
            "id": "16_motif_1",
            "len": 16,
            "nsites": 20,
            "pwm": [
              [0.00124378, 0.607587, 0.00124378, 0.389925], 
              [0.110075, 0.234453, 0.490983, 0.16449], 
              [0.00124378, 0.00124378, 0.996269, 0.00124378], 
              [0.00124378, 0.00124378, 0.996269, 0.00124378], 
              [0.00124378, 0.00124378, 0.941853, 0.0556597], 
              [0.00901692, 0.00124378, 0.988496, 0.00124378], 
              [0.972947, 0.00124378, 0.0245652, 0.00124378], 
              [0.00124378, 0.195584, 0.187811, 0.615361], 
              [0.156716, 0.0245652, 0.00124378, 0.817475], 
              [0.00124378, 0.00124378, 0.996269, 0.00124378], 
              [0.00124378, 0.00124378, 0.00124378, 0.996269], 
              [0.00124378, 0.996269, 0.00124378, 0.00124378], 
              [0.941853, 0.0556597, 0.00124378, 0.00124378], 
              [0.972947, 0.00124378, 0.00124378, 0.0245652], 
              [0.218905, 0.00124378, 0.731965, 0.0478856], 
              [0.00124378, 0.0867542, 0.218905, 0.693097]
            ]
          }, {
            "db": 0,
            "id": "16_motif_2",
            "len": 16,
            "nsites": 20,
            "pwm": [
              [0.323954, 0.189492, 0.485309, 0.00124378], 
              [0.00124378, 0.283616, 0.00124378, 0.713897], 
              [0.00124378, 0.996269, 0.00124378, 0.00124378], 
              [0.982822, 0.0146905, 0.00124378, 0.00124378], 
              [0.00124378, 0.902144, 0.00124378, 0.0953682], 
              [0.00124378, 0.0146905, 0.982822, 0.00124378], 
              [0.0953682, 0.00124378, 0.108814, 0.794574], 
              [0.498756, 0.00124378, 0.498756, 0.00124378], 
              [0.135706, 0.0953682, 0.673558, 0.0953682], 
              [0.00124378, 0.0953682, 0.00124378, 0.902144], 
              [0.00124378, 0.888699, 0.0953682, 0.0146905], 
              [0.982822, 0.00124378, 0.0146905, 0.00124378], 
              [0.00124378, 0.902144, 0.0953682, 0.00124378], 
              [0.00124378, 0.00124378, 0.996269, 0.00124378], 
              [0.00124378, 0.00124378, 0.108814, 0.888699], 
              [0.189492, 0.0146905, 0.794574, 0.00124378]
            ]
          }, {
            "db": 0,
            "id": "16_motif_3",
            "len": 15,
            "nsites": 20,
            "pwm": [
              [0.00124378, 0.139017, 0.858496, 0.00124378], 
              [0.338022, 0.00124378, 0.00124378, 0.659491], 
              [0.00124378, 0.00124378, 0.996269, 0.00124378], 
              [0.154324, 0.368638, 0.00124378, 0.475794], 
              [0.0165522, 0.0318597, 0.812572, 0.139017], 
              [0.169633, 0.00124378, 0.00124378, 0.82788], 
              [0.00124378, 0.00124378, 0.965653, 0.0318597], 
              [0.00124378, 0.322713, 0.215557, 0.460486], 
              [0.261481, 0.00124378, 0.736032, 0.00124378], 
              [0.353329, 0.00124378, 0.00124378, 0.644183], 
              [0.00124378, 0.00124378, 0.996269, 0.00124378], 
              [0.00124378, 0.00124378, 0.00124378, 0.996269], 
              [0.00124378, 0.00124378, 0.996269, 0.00124378], 
              [0.42987, 0.18494, 0.1084, 0.276789], 
              [0.0318597, 0.00124378, 0.965653, 0.00124378]
            ]
          }, {
            "db": 0,
            "id": "17_motif_1",
            "len": 16,
            "nsites": 20,
            "pwm": [
              [0.00124378, 0.602887, 0.00124378, 0.394626], 
              [0.116944, 0.232645, 0.487186, 0.163225], 
              [0.00124378, 0.00124378, 0.996269, 0.00124378], 
              [0.00124378, 0.00124378, 0.988555, 0.00895721], 
              [0.00124378, 0.00124378, 0.934561, 0.0629512], 
              [0.00895721, 0.00124378, 0.988555, 0.00124378], 
              [0.973128, 0.00124378, 0.0243841, 0.00124378], 
              [0.00124378, 0.201791, 0.186365, 0.6106], 
              [0.155511, 0.0243841, 0.00124378, 0.818861], 
              [0.00124378, 0.00124378, 0.996269, 0.00124378], 
              [0.00124378, 0.00124378, 0.00124378, 0.996269], 
              [0.00124378, 0.996269, 0.00124378, 0.00124378], 
              [0.942275, 0.0552378, 0.00124378, 0.00124378], 
              [0.973128, 0.00124378, 0.00124378, 0.0243841], 
              [0.217218, 0.00124378, 0.734014, 0.0475244], 
              [0.00124378, 0.0860905, 0.217218, 0.695447]
            ]
          }, {
            "db": 0,
            "id": "17_motif_2",
            "len": 16,
            "nsites": 20,
            "pwm": [
              [0.323954, 0.189492, 0.485309, 0.00124378], 
              [0.00124378, 0.283616, 0.00124378, 0.713897], 
              [0.00124378, 0.996269, 0.00124378, 0.00124378], 
              [0.982822, 0.0146905, 0.00124378, 0.00124378], 
              [0.00124378, 0.902144, 0.00124378, 0.0953682], 
              [0.00124378, 0.0146905, 0.982822, 0.00124378], 
              [0.0953682, 0.00124378, 0.108814, 0.794574], 
              [0.498756, 0.00124378, 0.498756, 0.00124378], 
              [0.135706, 0.0953682, 0.673558, 0.0953682], 
              [0.00124378, 0.0953682, 0.00124378, 0.902144], 
              [0.00124378, 0.888699, 0.0953682, 0.0146905], 
              [0.982822, 0.00124378, 0.0146905, 0.00124378], 
              [0.00124378, 0.902144, 0.0953682, 0.00124378], 
              [0.00124378, 0.00124378, 0.996269, 0.00124378], 
              [0.00124378, 0.00124378, 0.108814, 0.888699], 
              [0.189492, 0.0146905, 0.794574, 0.00124378]
            ]
          }, {
            "db": 0,
            "id": "17_motif_3",
            "len": 15,
            "nsites": 20,
            "pwm": [
              [0.00124378, 0.135706, 0.861806, 0.00124378], 
              [0.297062, 0.00124378, 0.135706, 0.565988], 
              [0.00124378, 0.00124378, 0.996269, 0.00124378], 
              [0.135706, 0.323954, 0.00124378, 0.539096], 
              [0.108814, 0.0281363, 0.687004, 0.176046], 
              [0.149153, 0.00124378, 0.00124378, 0.848359], 
              [0.00124378, 0.00124378, 0.969376, 0.0281363], 
              [0.00124378, 0.391186, 0.202938, 0.404632], 
              [0.243277, 0.00124378, 0.754236, 0.00124378], 
              [0.337401, 0.00124378, 0.00124378, 0.660111], 
              [0.00124378, 0.00124378, 0.996269, 0.00124378], 
              [0.00124378, 0.00124378, 0.00124378, 0.996269], 
              [0.00124378, 0.00124378, 0.996269, 0.00124378], 
              [0.458417, 0.176046, 0.0953682, 0.270169], 
              [0.00124378, 0.122261, 0.875252, 0.00124378]
            ]
          }, {
            "db": 0,
            "id": "18_motif_1",
            "len": 16,
            "nsites": 20,
            "pwm": [
              [0.00124378, 0.605912, 0.00124378, 0.3916], 
              [0.116055, 0.230865, 0.491102, 0.161978], 
              [0.00124378, 0.00124378, 0.996269, 0.00124378], 
              [0.00124378, 0.00124378, 0.988615, 0.00889751], 
              [0.00124378, 0.00124378, 0.935037, 0.0624756], 
              [0.00889751, 0.00124378, 0.988615, 0.00124378], 
              [0.973306, 0.00124378, 0.024206, 0.00124378], 
              [0.00124378, 0.200249, 0.18494, 0.613567], 
              [0.161978, 0.024206, 0.00124378, 0.812572], 
              [0.00124378, 0.00124378, 0.996269, 0.00124378], 
              [0.00889751, 0.00124378, 0.00124378, 0.988615], 
              [0.00124378, 0.996269, 0.00124378, 0.00124378], 
              [0.935037, 0.0624756, 0.00124378, 0.00124378], 
              [0.973306, 0.00124378, 0.00124378, 0.024206], 
              [0.215557, 0.00124378, 0.736032, 0.0471682], 
              [0.00124378, 0.0930925, 0.215557, 0.690107]
            ]
          }, {
            "db": 0,
            "id": "18_motif_2",
            "len": 16,
            "nsites": 20,
            "pwm": [
              [0.323954, 0.189492, 0.485309, 0.00124378], 
              [0.00124378, 0.283616, 0.00124378, 0.713897], 
              [0.00124378, 0.996269, 0.00124378, 0.00124378], 
              [0.982822, 0.0146905, 0.00124378, 0.00124378], 
              [0.00124378, 0.902144, 0.00124378, 0.0953682], 
              [0.00124378, 0.0146905, 0.982822, 0.00124378], 
              [0.0953682, 0.00124378, 0.108814, 0.794574], 
              [0.498756, 0.00124378, 0.498756, 0.00124378], 
              [0.135706, 0.0953682, 0.673558, 0.0953682], 
              [0.00124378, 0.0953682, 0.00124378, 0.902144], 
              [0.00124378, 0.888699, 0.0953682, 0.0146905], 
              [0.982822, 0.00124378, 0.0146905, 0.00124378], 
              [0.00124378, 0.902144, 0.0953682, 0.00124378], 
              [0.00124378, 0.00124378, 0.996269, 0.00124378], 
              [0.00124378, 0.00124378, 0.108814, 0.888699], 
              [0.189492, 0.0146905, 0.794574, 0.00124378]
            ]
          }, {
            "db": 0,
            "id": "18_motif_3",
            "len": 15,
            "nsites": 20,
            "pwm": [
              [0.00124378, 0.127196, 0.870316, 0.00124378], 
              [0.303529, 0.00124378, 0.127196, 0.56803], 
              [0.00124378, 0.00124378, 0.996269, 0.00124378], 
              [0.164982, 0.303529, 0.00124378, 0.530245], 
              [0.102006, 0.0264338, 0.706578, 0.164982], 
              [0.190172, 0.00124378, 0.00124378, 0.80734], 
              [0.00124378, 0.00124378, 0.971079, 0.0264338], 
