MEME version 4

ALPHABET= ACGT

strands: + -

Background letter frequencies
A 0.25 C 0.25 G 0.25 T 0.25

MOTIF 23_motif_1
letter-probability matrix: alength= 4 w= 15 nsites= 20 E= 0
0.056075 0.009346 0.831776 0.102804
0.158879 0.476636 0.364486 0.000000
0.149533 0.401869 0.261682 0.186916
0.009346 0.224299 0.672897 0.093458
0.074766 0.345794 0.579439 0.000000
0.177570 0.392523 0.280374 0.149533
0.000000 0.046729 0.121495 0.831776
0.000000 0.000000 0.046729 0.953271
0.037383 0.000000 0.000000 0.962617
0.000000 0.000000 0.056075 0.943925
0.000000 0.065421 0.037383 0.897196
0.018692 0.196262 0.000000 0.785047
0.532710 0.000000 0.355140 0.112150
0.018692 0.102804 0.000000 0.878505
0.130841 0.065421 0.149533 0.654206

MOTIF 9_motif_2
letter-probability matrix: alength= 4 w= 15 nsites= 20 E= 0
1.000000 0.000000 0.000000 0.000000
0.814815 0.000000 0.185185 0.000000
0.000000 0.000000 0.000000 1.000000
1.000000 0.000000 0.000000 0.000000
0.000000 1.000000 0.000000 0.000000
0.814815 0.000000 0.185185 0.000000
0.666667 0.333333 0.000000 0.000000
0.444444 0.000000 0.000000 0.555556
0.370370 0.000000 0.259259 0.370370
0.000000 0.111111 0.000000 0.888889
0.000000 0.000000 1.000000 0.000000
0.000000 0.148148 0.000000 0.851852
0.444444 0.000000 0.185185 0.370370
0.000000 0.666667 0.333333 0.000000
0.111111 0.000000 0.000000 0.888889

MOTIF 2_motif_3
letter-probability matrix: alength= 4 w= 16 nsites= 20 E= 0
0.6 0.0 0.0 0.4
1.0 0.0 0.0 0.0
0.2 0.2 0.5 0.1
0.4 0.0 0.0 0.6
1.0 0.0 0.0 0.0
0.0 1.0 0.0 0.0
0.8 0.0 0.2 0.0
0.2 0.4 0.0 0.4
0.8 0.0 0.0 0.2
0.0 0.0 0.0 1.0
0.0 0.2 0.0 0.8
0.0 0.0 1.0 0.0
0.0 0.0 0.0 1.0
0.8 0.0 0.2 0.0
0.0 0.4 0.0 0.6
0.1 0.0 0.0 0.9

