MEME version 4

ALPHABET= ACGT

strands: + -

Background letter frequencies
A 0.25 C 0.25 G 0.25 T 0.25

MOTIF 26_motif_2
letter-probability matrix: alength= 4 w= 16 nsites= 20 E= 0
0.159420 0.000000 0.014493 0.826087
1.000000 0.000000 0.000000 0.000000
0.855072 0.130435 0.000000 0.014493
0.173913 0.000000 0.000000 0.826087
1.000000 0.000000 0.000000 0.000000
0.130435 0.028986 0.565217 0.275362
0.492754 0.000000 0.101449 0.405797
0.449275 0.072464 0.434783 0.043478
0.246377 0.144928 0.000000 0.608696
0.782609 0.188406 0.000000 0.028986
0.159420 0.536232 0.304348 0.000000
0.000000 0.000000 0.347826 0.652174
0.811594 0.000000 0.130435 0.057971
0.101449 0.000000 0.000000 0.898551
0.115942 0.000000 0.000000 0.884058
1.000000 0.000000 0.000000 0.000000

MOTIF 29_motif_1
letter-probability matrix: alength= 4 w= 16 nsites= 20 E= 0
0.563492 0.000000 0.063492 0.373016
0.285714 0.531746 0.007937 0.174603
0.134921 0.071429 0.793651 0.000000
0.000000 0.007937 0.968254 0.023810
0.000000 0.000000 1.000000 0.000000
0.000000 0.000000 1.000000 0.000000
0.079365 0.920635 0.000000 0.000000
0.000000 0.674603 0.000000 0.325397
0.007937 0.015873 0.000000 0.976190
0.000000 0.031746 0.000000 0.968254
0.349206 0.015873 0.000000 0.634921
0.309524 0.222222 0.150794 0.317460
0.103175 0.079365 0.087302 0.730159
0.071429 0.238095 0.079365 0.611111
0.309524 0.023810 0.198413 0.468254
0.222222 0.214286 0.063492 0.500000

MOTIF 2_motif_1
letter-probability matrix: alength= 4 w= 16 nsites= 20 E= 0
0.8750 0.0000 0.0000 0.1250
0.8125 0.1875 0.0000 0.0000
0.0000 0.0000 0.0000 1.0000
0.6875 0.0000 0.3125 0.0000
0.0625 0.8750 0.0000 0.0625
0.2500 0.6250 0.1250 0.0000
0.0000 0.6875 0.0000 0.3125
0.0625 0.0000 0.5000 0.4375
0.0000 0.0625 0.5625 0.3750
0.4375 0.0000 0.1250 0.4375
0.0000 0.0000 1.0000 0.0000
0.0000 0.1250 0.0000 0.8750
0.8750 0.0000 0.0625 0.0625
0.1875 0.0625 0.0000 0.7500
0.0000 0.0000 0.0000 1.0000
0.0000 0.6250 0.3125 0.0625

