MEME version 4

ALPHABET= ACGT

strands: + -

Background letter frequencies
A 0.25 C 0.25 G 0.25 T 0.25

MOTIF 16_motif_3
letter-probability matrix: alength= 4 w= 16 nsites= 20 E= 0
0.894737 0.000000 0.000000 0.105263
0.105263 0.026316 0.000000 0.868421
0.552632 0.000000 0.447368 0.000000
0.184211 0.447368 0.105263 0.263158
0.210526 0.105263 0.000000 0.684211
0.184211 0.000000 0.000000 0.815789
0.078947 0.000000 0.000000 0.921053
0.578947 0.000000 0.000000 0.421053
1.000000 0.000000 0.000000 0.000000
0.000000 0.000000 0.000000 1.000000
0.236842 0.000000 0.000000 0.763158
1.000000 0.000000 0.000000 0.000000
0.000000 0.000000 0.000000 1.000000
1.000000 0.000000 0.000000 0.000000
0.447368 0.263158 0.184211 0.105263
0.000000 1.000000 0.000000 0.000000

MOTIF 17_motif_1
letter-probability matrix: alength= 4 w= 16 nsites= 20 E= 0
0.184 0.400 0.376 0.040
0.000 0.664 0.232 0.104
0.000 0.000 0.008 0.992
0.000 0.488 0.000 0.512
0.064 0.104 0.000 0.832
0.024 0.400 0.000 0.576
0.000 0.040 0.000 0.960
0.000 0.168 0.000 0.832
0.288 0.112 0.016 0.584
0.224 0.000 0.112 0.664
0.000 0.144 0.120 0.736
0.000 0.016 0.000 0.984
0.000 0.080 0.216 0.704
0.208 0.000 0.392 0.400
0.592 0.000 0.088 0.320
0.072 0.088 0.040 0.800

