MEME version 4

ALPHABET= ACGT

strands: + -

Background letter frequencies
A 0.25 C 0.25 G 0.25 T 0.25

MOTIF 51_motif_1
letter-probability matrix: alength= 4 w= 16 nsites= 20 E= 0
0.557377 0.079235 0.000000 0.363388
0.092896 0.024590 0.000000 0.882514
0.068306 0.000000 0.000000 0.931694
0.142077 0.000000 0.428962 0.428962
0.043716 0.426230 0.010929 0.519126
0.122951 0.000000 0.000000 0.877049
0.125683 0.415301 0.005464 0.453552
0.032787 0.013661 0.040984 0.912568
0.762295 0.005464 0.002732 0.229508
0.666667 0.000000 0.000000 0.333333
0.040984 0.000000 0.000000 0.959016
0.527322 0.000000 0.030055 0.442623
0.568306 0.013661 0.035519 0.382514
0.505464 0.013661 0.000000 0.480874
0.158470 0.000000 0.000000 0.841530
0.286885 0.098361 0.000000 0.614754

