MEME version 4

ALPHABET= ACGT

strands: + -

Background letter frequencies
A 0.25 C 0.25 G 0.25 T 0.25

MOTIF 96_motif_1
letter-probability matrix: alength= 4 w= 16 nsites= 20 E= 0
0.073684 0.036842 0.007895 0.881579
0.093421 0.018421 0.010526 0.877632
0.040789 0.010526 0.000000 0.948684
0.072368 0.010526 0.000000 0.917105
0.153947 0.114474 0.018421 0.713158
0.246053 0.271053 0.064474 0.418421
0.088158 0.011842 0.021053 0.878947
0.167105 0.356579 0.213158 0.263158
0.407895 0.089474 0.014474 0.488158
0.136842 0.010526 0.035526 0.817105
0.126316 0.018421 0.005263 0.850000
0.146053 0.044737 0.046053 0.763158
0.153947 0.026316 0.005263 0.814474
0.197368 0.080263 0.109211 0.613158
0.247368 0.034211 0.000000 0.718421
0.247368 0.060526 0.000000 0.692105

MOTIF 96_motif_2
letter-probability matrix: alength= 4 w= 16 nsites= 20 E= 0
0.084544 0.394980 0.463672 0.056803
0.021136 0.643329 0.335535 0.000000
0.105680 0.155878 0.071334 0.667107
0.000000 0.000000 1.000000 0.000000
0.310436 0.140026 0.536328 0.013210
0.365918 0.322325 0.002642 0.309115
0.066050 0.000000 0.895641 0.038309
0.167768 0.315720 0.516513 0.000000
0.352708 0.079260 0.000000 0.568032
0.000000 0.000000 1.000000 0.000000
0.066050 0.225892 0.708058 0.000000
0.228534 0.466314 0.040951 0.264201
0.000000 0.000000 0.916777 0.083223
0.126816 0.107001 0.766182 0.000000
0.227213 0.159841 0.044914 0.568032
0.095112 0.010568 0.789960 0.104359

MOTIF 96_motif_3
letter-probability matrix: alength= 4 w= 15 nsites= 20 E= 0
0.197724 0.194879 0.366999 0.240398
0.139403 0.352774 0.428165 0.079659
0.045519 0.290185 0.641536 0.022760
0.008535 0.365576 0.553343 0.072546
0.000000 0.012802 0.816501 0.170697
0.005690 0.378378 0.567568 0.048364
0.109531 0.307255 0.022760 0.560455
0.056899 0.000000 0.000000 0.943101
0.000000 0.000000 0.007112 0.992888
0.000000 0.091038 0.000000 0.908962
0.000000 0.044097 0.015647 0.940256
0.000000 0.120910 0.116643 0.762447
0.098151 0.029872 0.001422 0.870555
0.216216 0.002845 0.463727 0.317212
0.002845 0.294452 0.018492 0.684211

MOTIF 20_motif_1
letter-probability matrix: alength= 4 w= 16 nsites= 20 E= 0
0.00000 0.33125 0.07500 0.59375
0.16875 0.00625 0.71250 0.11250
0.42500 0.13125 0.23125 0.21250
0.05625 0.06875 0.87500 0.00000
0.03125 0.11250 0.85625 0.00000
0.00000 0.00000 0.70625 0.29375
0.00000 0.00000 1.00000 0.00000
0.00000 0.88750 0.11250 0.00000
0.00000 0.00000 0.03125 0.96875
0.05625 0.00000 0.31250 0.63125
0.11250 0.16250 0.00000 0.72500
0.03125 0.13125 0.00625 0.83125
0.00000 0.00000 0.11875 0.88125
0.00000 0.00000 0.08750 0.91250
0.23750 0.00000 0.26875 0.49375
0.13125 0.11875 0.08125 0.66875

MOTIF 20_motif_2
letter-probability matrix: alength= 4 w= 16 nsites= 20 E= 0
0.000000 0.000000 0.808219 0.191781
0.000000 0.000000 1.000000 0.000000
0.000000 1.000000 0.000000 0.000000
0.000000 0.191781 0.000000 0.808219
0.041096 0.260274 0.698630 0.000000
0.547945 0.438356 0.013699 0.000000
0.000000 1.000000 0.000000 0.000000
0.000000 0.808219 0.191781 0.000000
0.041096 0.000000 0.958904 0.000000
0.000000 0.000000 0.561644 0.438356
0.479452 0.000000 0.000000 0.520548
0.000000 0.000000 0.000000 1.000000
0.561644 0.000000 0.438356 0.000000
1.000000 0.000000 0.000000 0.000000
0.232877 0.767123 0.000000 0.000000
0.287671 0.452055 0.000000 0.260274

MOTIF 20_motif_3
letter-probability matrix: alength= 4 w= 15 nsites= 20 E= 0
0.536364 0.463636 0.000000 0.000000
0.109091 0.163636 0.663636 0.063636
0.000000 0.000000 0.836364 0.163636
0.072727 0.018182 0.809091 0.100000
0.472727 0.372727 0.045455 0.109091
0.154545 0.509091 0.336364 0.000000
0.000000 0.000000 0.345455 0.654545
0.000000 0.209091 0.790909 0.000000
1.000000 0.000000 0.000000 0.000000
0.000000 0.345455 0.000000 0.654545
0.000000 0.000000 1.000000 0.000000
0.118182 0.518182 0.363636 0.000000
0.000000 1.000000 0.000000 0.000000
0.000000 0.000000 0.990909 0.009091
0.000000 0.163636 0.836364 0.000000

MOTIF 26_motif_1
letter-probability matrix: alength= 4 w= 16 nsites= 20 E= 0
0.052885 0.144231 0.014423 0.788462
0.000000 0.067308 0.812500 0.120192
0.278846 0.418269 0.000000 0.302885
0.000000 0.000000 1.000000 0.000000
0.000000 0.081731 0.918269 0.000000
0.000000 0.129808 0.807692 0.062500
0.086538 0.216346 0.576923 0.120192
0.000000 0.408654 0.423077 0.168269
0.000000 0.000000 0.336538 0.663462
0.048077 0.086538 0.057692 0.807692
0.000000 0.105769 0.000000 0.894231
0.072115 0.057692 0.000000 0.870192
0.000000 0.000000 0.000000 1.000000
0.000000 0.014423 0.274038 0.711538
0.072115 0.000000 0.187500 0.740385
0.081731 0.014423 0.115385 0.788462

MOTIF 26_motif_2
letter-probability matrix: alength= 4 w= 16 nsites= 20 E= 0
0.019512 0.863415 0.112195 0.004878
0.058537 0.141463 0.131707 0.668293
0.000000 0.000000 0.853659 0.146341
0.243902 0.214634 0.541463 0.000000
0.575610 0.331707 0.000000 0.092683
0.165854 0.000000 0.770732 0.063415
0.058537 0.492683 0.448780 0.000000
0.551220 0.043902 0.000000 0.404878
0.000000 0.000000 1.000000 0.000000
0.321951 0.029268 0.648780 0.000000
0.121951 0.346341 0.000000 0.531707
0.000000 0.000000 1.000000 0.000000
0.082927 0.370732 0.546341 0.000000
0.165854 0.004878 0.000000 0.829268
0.000000 0.000000 1.000000 0.000000
0.653659 0.000000 0.346341 0.000000

MOTIF 26_motif_3
letter-probability matrix: alength= 4 w= 16 nsites= 20 E= 0
0.000000 0.737624 0.000000 0.262376
0.000000 0.113861 0.603960 0.282178
0.000000 0.148515 0.851485 0.000000
0.262376 0.128713 0.069307 0.539604
0.000000 0.658416 0.084158 0.257426
0.356436 0.000000 0.356436 0.287129
0.000000 0.000000 1.000000 0.000000
0.173267 0.292079 0.004950 0.529703
0.000000 0.767327 0.232673 0.000000
0.544554 0.297030 0.158416 0.000000
0.000000 0.004950 0.707921 0.287129
0.000000 0.000000 1.000000 0.000000
0.000000 0.420792 0.480198 0.099010
0.084158 0.168317 0.000000 0.747525
0.000000 0.000000 1.000000 0.000000
0.806931 0.000000 0.183168 0.009901

MOTIF 93_motif_1
letter-probability matrix: alength= 4 w= 16 nsites= 20 E= 0
0.073925 0.405914 0.471774 0.048387
0.029570 0.639785 0.330645 0.000000
0.100806 0.153226 0.073925 0.672043
0.000000 0.000000 1.000000 0.000000
0.331989 0.137097 0.517473 0.013441
0.357527 0.327957 0.002688 0.311828
0.068548 0.000000 0.905914 0.025538
0.159946 0.314516 0.525538 0.000000
0.358871 0.079301 0.000000 0.561828
0.000000 0.000000 1.000000 0.000000
0.071237 0.227151 0.701613 0.000000
0.224462 0.466398 0.044355 0.264785
0.000000 0.000000 0.923387 0.076613
0.129032 0.098118 0.772849 0.000000
0.244624 0.161290 0.045699 0.548387
0.096774 0.010753 0.780914 0.111559

MOTIF 93_motif_2
letter-probability matrix: alength= 4 w= 16 nsites= 20 E= 0
0.147180 0.072902 0.053645 0.726272
0.099037 0.013755 0.000000 0.887208
0.096286 0.005502 0.000000 0.898212
0.144429 0.125172 0.008253 0.722146
0.149931 0.189821 0.008253 0.651994
0.129298 0.023384 0.068776 0.778542
0.334250 0.370014 0.270977 0.024759
0.229711 0.125172 0.000000 0.645117
0.083906 0.001376 0.078404 0.836314
0.070151 0.000000 0.000000 0.929849
0.035763 0.011004 0.004127 0.949106
0.145805 0.037139 0.009629 0.807428
0.147180 0.028886 0.147180 0.676754
0.248968 0.089409 0.006878 0.654746
0.199450 0.077029 0.013755 0.709766
0.207703 0.061898 0.033012 0.697387

MOTIF 93_motif_3
letter-probability matrix: alength= 4 w= 16 nsites= 20 E= 0
0.086637 0.305433 0.187959 0.419971
0.211454 0.230543 0.295154 0.262849
0.099853 0.199706 0.544787 0.155653
0.000000 0.437592 0.472834 0.089574
0.054332 0.290749 0.440529 0.214391
0.000000 0.058737 0.844347 0.096916
0.076358 0.395007 0.431718 0.096916
0.195301 0.165932 0.005874 0.632893
0.000000 0.000000 0.000000 1.000000
0.000000 0.000000 0.000000 1.000000
0.000000 0.000000 0.000000 1.000000
0.000000 0.000000 0.000000 1.000000
0.001468 0.099853 0.061674 0.837004
0.071953 0.283407 0.004405 0.640235
0.287812 0.033774 0.519824 0.158590
0.001468 0.233480 0.145374 0.619677

MOTIF 56_motif_1
letter-probability matrix: alength= 4 w= 16 nsites= 20 E= 0
0.000000 0.792411 0.207589 0.000000
0.187500 0.198661 0.062500 0.551339
0.000000 0.000000 1.000000 0.000000
0.321429 0.223214 0.455357 0.000000
0.370536 0.350446 0.000000 0.279018
0.066964 0.000000 0.832589 0.100446
0.073661 0.319196 0.607143 0.000000
0.339286 0.035714 0.000000 0.625000
0.000000 0.000000 1.000000 0.000000
0.180804 0.093750 0.725446 0.000000
0.296875 0.408482 0.000000 0.294643
0.022321 0.000000 0.910714 0.066964
0.098214 0.234375 0.667411 0.000000
0.285714 0.142857 0.002232 0.569196
0.000000 0.000000 0.977679 0.022321
0.468750 0.000000 0.531250 0.000000

MOTIF 56_motif_2
letter-probability matrix: alength= 4 w= 15 nsites= 20 E= 0
0.650259 0.196891 0.152850 0.000000
0.323834 0.450777 0.000000 0.225389
0.259067 0.253886 0.422280 0.064767
0.422280 0.098446 0.479275 0.000000
0.000000 0.544041 0.445596 0.010363
0.000000 1.000000 0.000000 0.000000
0.572539 0.132124 0.295337 0.000000
0.000000 0.101036 0.489637 0.409326
0.000000 1.000000 0.000000 0.000000
0.992228 0.000000 0.000000 0.007772
0.028497 0.551813 0.419689 0.000000
0.000000 0.000000 1.000000 0.000000
0.064767 0.821244 0.113990 0.000000
0.113990 0.297927 0.362694 0.225389
0.000000 0.000000 1.000000 0.000000

MOTIF 56_motif_3
letter-probability matrix: alength= 4 w= 16 nsites= 20 E= 0
0.226966 0.013483 0.226966 0.532584
0.258427 0.015730 0.123596 0.602247
0.033708 0.000000 0.000000 0.966292
0.006742 0.000000 0.000000 0.993258
0.002247 0.004494 0.000000 0.993258
0.188764 0.015730 0.000000 0.795506
0.242697 0.107865 0.000000 0.649438
0.150562 0.447191 0.191011 0.211236
0.251685 0.208989 0.000000 0.539326
0.175281 0.004494 0.328090 0.492135
0.125843 0.022472 0.022472 0.829213
0.155056 0.184270 0.000000 0.660674
0.175281 0.000000 0.013483 0.811236
0.204494 0.042697 0.244944 0.507865
0.251685 0.029213 0.038202 0.680899
0.121348 0.000000 0.002247 0.876404

MOTIF 98_motif_1
letter-probability matrix: alength= 4 w= 15 nsites= 20 E= 0
0.067550 0.013245 0.000000 0.919205
0.026490 0.000000 0.000000 0.973510
0.105960 0.034437 0.005298 0.854305
0.206623 0.143046 0.021192 0.629139
0.060927 0.003974 0.019868 0.915232
0.366887 0.239735 0.233113 0.160265
0.206623 0.158940 0.007947 0.626490
0.119205 0.002649 0.094040 0.784106
0.086093 0.000000 0.000000 0.913907
0.059603 0.001325 0.000000 0.939073
0.132450 0.018543 0.009272 0.839735
0.246358 0.051656 0.124503 0.577483
0.272848 0.076821 0.007947 0.642384
0.229139 0.087417 0.003974 0.679470
0.203974 0.055629 0.019868 0.720530

MOTIF 98_motif_2
letter-probability matrix: alength= 4 w= 16 nsites= 20 E= 0
0.015385 0.043590 0.796154 0.144872
0.292308 0.260256 0.435897 0.011538
0.067949 0.644872 0.000000 0.287179
0.021795 0.015385 0.946154 0.016667
0.024359 0.221795 0.753846 0.000000
0.078205 0.058974 0.000000 0.862821
0.000000 0.000000 1.000000 0.000000
0.437179 0.035897 0.526923 0.000000
0.532051 0.210256 0.055128 0.202564
0.076923 0.000000 0.706410 0.216667
0.000000 0.219231 0.780769 0.000000
0.421795 0.182051 0.007692 0.388462
0.000000 0.000000 0.865385 0.134615
0.167949 0.170513 0.661538 0.000000
0.214103 0.420513 0.078205 0.287179
0.017949 0.111538 0.707692 0.162821

MOTIF 98_motif_3
letter-probability matrix: alength= 4 w= 16 nsites= 20 E= 0
0.166348 0.202677 0.223709 0.407266
0.080306 0.172084 0.556405 0.191205
0.258126 0.231358 0.351816 0.158700
0.059273 0.124283 0.812620 0.003824
0.032505 0.336520 0.560229 0.070746
0.000000 0.001912 0.869981 0.128107
0.013384 0.365201 0.613767 0.007648
0.051625 0.382409 0.084130 0.481836
0.049713 0.000000 0.000000 0.950287
0.000000 0.000000 0.000000 1.000000
0.000000 0.055449 0.000000 0.944551
0.000000 0.103250 0.000000 0.896750
0.000000 0.038241 0.030593 0.931166
0.099426 0.019120 0.066922 0.814532
0.282983 0.000000 0.284895 0.432122
0.003824 0.158700 0.066922 0.770554

MOTIF 6_motif_1
letter-probability matrix: alength= 4 w= 16 nsites= 20 E= 0
0.000000 0.227273 0.022727 0.750000
0.000000 0.000000 0.909091 0.090909
0.386364 0.522727 0.000000 0.090909
0.000000 0.000000 1.000000 0.000000
0.000000 0.000000 1.000000 0.000000
0.000000 0.000000 0.886364 0.113636
0.000000 0.181818 0.818182 0.000000
0.000000 0.659091 0.227273 0.113636
0.000000 0.000000 0.386364 0.613636
0.090909 0.272727 0.022727 0.613636
0.181818 0.136364 0.000000 0.681818
0.045455 0.045455 0.000000 0.909091
0.000000 0.000000 0.000000 1.000000
0.000000 0.159091 0.159091 0.681818
0.045455 0.000000 0.295455 0.659091
0.045455 0.000000 0.363636 0.590909

MOTIF 6_motif_2
letter-probability matrix: alength= 4 w= 16 nsites= 20 E= 0
0.181818 0.818182 0.000000 0.000000
0.000000 0.818182 0.000000 0.181818
0.000000 0.333333 0.666667 0.000000
0.333333 0.303030 0.363636 0.000000
0.000000 0.151515 0.363636 0.484848
0.000000 0.181818 0.333333 0.484848
0.696970 0.303030 0.000000 0.000000
0.000000 0.000000 1.000000 0.000000
0.000000 1.000000 0.000000 0.000000
0.000000 1.000000 0.000000 0.000000
0.030303 0.121212 0.151515 0.696970
0.000000 0.000000 0.818182 0.181818
0.484848 0.151515 0.363636 0.000000
0.000000 0.848485 0.151515 0.000000
0.000000 0.818182 0.000000 0.181818
0.000000 0.000000 1.000000 0.000000

MOTIF 6_motif_3
letter-probability matrix: alength= 4 w= 15 nsites= 20 E= 0
0.625 0.300 0.075 0.000
0.125 0.325 0.425 0.125
0.000 0.000 0.775 0.225
0.125 0.000 0.675 0.200
0.275 0.550 0.025 0.150
0.000 0.550 0.450 0.000
0.000 0.100 0.150 0.750
0.000 0.150 0.850 0.000
0.900 0.100 0.000 0.000
0.000 0.300 0.000 0.700
0.000 0.000 1.000 0.000
0.125 0.300 0.575 0.000
0.000 1.000 0.000 0.000
0.075 0.000 0.925 0.000
0.000 0.000 0.925 0.075

MOTIF 5_motif_1
letter-probability matrix: alength= 4 w= 16 nsites= 20 E= 0
0.000 0.425 0.000 0.575
0.200 0.000 0.625 0.175
0.450 0.150 0.275 0.125
0.025 0.100 0.875 0.000
0.000 0.125 0.875 0.000
0.000 0.000 0.775 0.225
0.000 0.000 1.000 0.000
0.000 0.825 0.175 0.000
0.000 0.000 0.075 0.925
0.075 0.000 0.300 0.625
0.025 0.125 0.000 0.850
0.050 0.075 0.000 0.875
0.000 0.000 0.125 0.875
0.000 0.000 0.050 0.950
0.250 0.000 0.350 0.400
0.125 0.125 0.100 0.650

MOTIF 5_motif_2
letter-probability matrix: alength= 4 w= 16 nsites= 20 E= 0
0.142857 0.685714 0.171429 0.000000
0.000000 0.857143 0.000000 0.142857
0.000000 0.400000 0.600000 0.000000
0.285714 0.428571 0.285714 0.000000
0.000000 0.342857 0.285714 0.371429
0.000000 0.171429 0.457143 0.371429
0.571429 0.371429 0.057143 0.000000
0.000000 0.000000 1.000000 0.000000
0.000000 0.942857 0.000000 0.057143
0.028571 0.971429 0.000000 0.000000
0.228571 0.085714 0.114286 0.571429
0.000000 0.000000 0.800000 0.200000
0.428571 0.114286 0.457143 0.000000
0.000000 0.742857 0.257143 0.000000
0.000000 0.857143 0.000000 0.142857
0.000000 0.000000 1.000000 0.000000

MOTIF 5_motif_3
letter-probability matrix: alength= 4 w= 16 nsites= 20 E= 0
0.121212 0.393939 0.484848 0.000000
0.484848 0.303030 0.212121 0.000000
0.121212 0.363636 0.393939 0.121212
0.121212 0.000000 0.636364 0.242424
0.242424 0.000000 0.545455 0.212121
0.424242 0.424242 0.000000 0.151515
0.000000 0.666667 0.333333 0.000000
0.000000 0.121212 0.000000 0.878788
0.000000 0.000000 1.000000 0.000000
0.878788 0.121212 0.000000 0.000000
0.000000 0.151515 0.000000 0.848485
0.000000 0.000000 1.000000 0.000000
0.151515 0.272727 0.575758 0.000000
0.000000 1.000000 0.000000 0.000000
0.060606 0.000000 0.939394 0.000000
0.121212 0.000000 0.787879 0.090909

MOTIF 52_motif_1
letter-probability matrix: alength= 4 w= 16 nsites= 20 E= 0
0.093827 0.392593 0.513580 0.000000
0.002469 0.587654 0.409877 0.000000
0.029630 0.064198 0.083951 0.822222
0.000000 0.000000 1.000000 0.000000
0.520988 0.125926 0.353086 0.000000
0.400000 0.254321 0.000000 0.345679
0.066667 0.000000 0.896296 0.037037
0.120988 0.180247 0.698765 0.000000
0.400000 0.074074 0.000000 0.525926
0.000000 0.000000 1.000000 0.000000
0.039506 0.192593 0.767901 0.000000
0.202469 0.486420 0.093827 0.217284
0.000000 0.000000 0.950617 0.049383
0.182716 0.054321 0.762963 0.000000
0.128395 0.106173 0.022222 0.743210
0.162963 0.000000 0.730864 0.106173

MOTIF 52_motif_2
letter-probability matrix: alength= 4 w= 15 nsites= 20 E= 0
0.784119 0.196030 0.000000 0.019851
0.585608 0.322581 0.004963 0.086849
0.531017 0.186104 0.220844 0.062035
0.625310 0.069479 0.305211 0.000000
0.220844 0.332506 0.263027 0.183623
0.193548 0.806452 0.000000 0.000000
0.771712 0.223325 0.000000 0.004963
0.000000 0.133995 0.240695 0.625310
0.034739 0.893300 0.071960 0.000000
0.704715 0.295285 0.000000 0.000000
0.042184 0.841191 0.116625 0.000000
0.000000 0.000000 1.000000 0.000000
0.000000 0.861042 0.138958 0.000000
0.491315 0.000000 0.173697 0.334988
0.000000 0.000000 1.000000 0.000000

MOTIF 52_motif_3
letter-probability matrix: alength= 4 w= 16 nsites= 20 E= 0
0.000000 0.000000 0.929825 0.070175
0.065789 0.355263 0.517544 0.061404
0.662281 0.263158 0.021930 0.052632
0.197368 0.574561 0.065789 0.162281
0.105263 0.394737 0.500000 0.000000
0.144737 0.855263 0.000000 0.000000
0.298246 0.000000 0.337719 0.364035
0.000000 0.679825 0.000000 0.320175
0.934211 0.000000 0.000000 0.065789
0.000000 0.065789 0.000000 0.934211
0.000000 0.986842 0.013158 0.000000
0.855263 0.000000 0.096491 0.048246
0.000000 0.390351 0.000000 0.609649
0.000000 0.951754 0.048246 0.000000
0.096491 0.000000 0.618421 0.285088
0.092105 0.000000 0.907895 0.000000

MOTIF 12_motif_1
letter-probability matrix: alength= 4 w= 16 nsites= 20 E= 0
0.000000 0.333333 0.093750 0.572917
0.135417 0.000000 0.718750 0.145833
0.447917 0.125000 0.239583 0.187500
0.031250 0.072917 0.895833 0.000000
0.000000 0.125000 0.875000 0.000000
0.000000 0.000000 0.697917 0.302083
0.000000 0.000000 1.000000 0.000000
0.000000 0.885417 0.114583 0.000000
0.000000 0.000000 0.020833 0.979167
0.072917 0.000000 0.312500 0.614583
0.125000 0.145833 0.000000 0.729167
0.041667 0.083333 0.000000 0.875000
0.000000 0.000000 0.125000 0.875000
0.000000 0.000000 0.052083 0.947917
0.208333 0.000000 0.312500 0.479167
0.156250 0.135417 0.093750 0.614583

MOTIF 12_motif_2
letter-probability matrix: alength= 4 w= 16 nsites= 20 E= 0
0.126316 0.621053 0.252632 0.000000
0.000000 0.778947 0.084211 0.136842
0.000000 0.421053 0.578947 0.000000
0.200000 0.368421 0.431579 0.000000
0.000000 0.294737 0.242105 0.463158
0.000000 0.315789 0.410526 0.273684
0.642105 0.273684 0.084211 0.000000
0.000000 0.000000 1.000000 0.000000
0.000000 0.736842 0.000000 0.263158
0.010526 0.915789 0.073684 0.000000
0.400000 0.063158 0.073684 0.463158
0.000000 0.000000 0.800000 0.200000
0.357895 0.084211 0.452632 0.105263
0.000000 0.726316 0.273684 0.000000
0.000000 0.800000 0.000000 0.200000
0.000000 0.000000 1.000000 0.000000

MOTIF 12_motif_3
letter-probability matrix: alength= 4 w= 16 nsites= 20 E= 0
0.000000 0.233333 0.283333 0.483333
0.116667 0.283333 0.600000 0.000000
0.466667 0.316667 0.216667 0.000000
0.300000 0.083333 0.500000 0.116667
0.133333 0.000000 0.850000 0.016667
0.416667 0.000000 0.366667 0.216667
0.333333 0.316667 0.183333 0.166667
0.000000 0.566667 0.433333 0.000000
0.000000 0.000000 0.000000 1.000000
0.000000 0.000000 1.000000 0.000000
0.816667 0.183333 0.000000 0.000000
0.000000 0.000000 0.000000 1.000000
0.000000 0.200000 0.800000 0.000000
0.133333 0.133333 0.733333 0.000000
0.000000 1.000000 0.000000 0.000000
0.066667 0.000000 0.933333 0.000000

MOTIF 55_motif_1
letter-probability matrix: alength= 4 w= 16 nsites= 20 E= 0
0.000000 0.807780 0.192220 0.000000
0.224256 0.187643 0.032037 0.556064
0.000000 0.000000 1.000000 0.000000
0.334096 0.219680 0.446224 0.000000
0.354691 0.393593 0.000000 0.251716
0.077803 0.000000 0.821510 0.100686
0.066362 0.297483 0.636156 0.000000
0.302059 0.032037 0.000000 0.665904
0.000000 0.000000 1.000000 0.000000
0.224256 0.084668 0.691076 0.000000
0.338673 0.354691 0.000000 0.306636
0.032037 0.000000 0.887872 0.080092
0.086957 0.260870 0.652174 0.000000
0.320366 0.125858 0.000000 0.553776
0.000000 0.002288 0.979405 0.018307
0.411899 0.000000 0.553776 0.034325

MOTIF 55_motif_2
letter-probability matrix: alength= 4 w= 15 nsites= 20 E= 0
0.776596 0.204787 0.005319 0.013298
0.510638 0.404255 0.005319 0.079787
0.505319 0.138298 0.289894 0.066489
0.587766 0.071809 0.340426 0.000000
0.276596 0.303191 0.215426 0.204787
0.159574 0.840426 0.000000 0.000000
0.835106 0.159574 0.000000 0.005319
0.000000 0.170213 0.228723 0.601064
0.005319 0.994681 0.000000 0.000000
0.686170 0.313830 0.000000 0.000000
0.058511 0.811170 0.130319 0.000000
0.000000 0.061170 0.938830 0.000000
0.000000 0.896277 0.103723 0.000000
0.428191 0.000000 0.188830 0.382979
0.000000 0.000000 1.000000 0.000000

MOTIF 55_motif_3
letter-probability matrix: alength= 4 w= 16 nsites= 20 E= 0
0.260546 0.000000 0.029777 0.709677
0.225806 0.014888 0.176179 0.583127
0.124069 0.000000 0.000000 0.875931
0.014888 0.000000 0.000000 0.985112
0.000000 0.000000 0.000000 1.000000
0.198511 0.027295 0.029777 0.744417
0.034739 0.007444 0.000000 0.957816
0.183623 0.466501 0.084367 0.265509
0.471464 0.243176 0.047146 0.238213
0.057072 0.004963 0.163772 0.774194
0.076923 0.181141 0.111663 0.630273
0.389578 0.129032 0.000000 0.481390
0.310174 0.000000 0.076923 0.612903
0.292804 0.109181 0.133995 0.464020
0.275434 0.000000 0.017370 0.707196
0.153846 0.029777 0.007444 0.808933

MOTIF 76_motif_1
letter-probability matrix: alength= 4 w= 16 nsites= 20 E= 0
0.078947 0.425987 0.473684 0.021382
0.008224 0.636513 0.355263 0.000000
0.077303 0.141447 0.078947 0.702303
0.000000 0.000000 1.000000 0.000000
0.353618 0.143092 0.503289 0.000000
0.394737 0.307566 0.000000 0.297697
0.070724 0.000000 0.904605 0.024671
0.139803 0.294408 0.565789 0.000000
0.371711 0.090461 0.000000 0.537829
0.000000 0.000000 1.000000 0.000000
0.065789 0.228618 0.705592 0.000000
0.231908 0.468750 0.046053 0.253289
0.000000 0.000000 0.930921 0.069079
0.151316 0.078947 0.769737 0.000000
0.205592 0.136513 0.049342 0.608553
0.108553 0.006579 0.796053 0.088816

MOTIF 76_motif_2
letter-probability matrix: alength= 4 w= 16 nsites= 20 E= 0
0.222609 0.010435 0.040000 0.726957
0.193043 0.041739 0.029565 0.735652
0.027826 0.000000 0.000000 0.972174
0.008696 0.000000 0.000000 0.991304
0.034783 0.055652 0.000000 0.909565
0.187826 0.123478 0.020870 0.667826
0.125217 0.019130 0.031304 0.824348
0.210435 0.500870 0.149565 0.139130
0.380870 0.196522 0.005217 0.417391
0.142609 0.010435 0.135652 0.711304
0.099130 0.097391 0.010435 0.793043
0.240000 0.123478 0.008696 0.627826
0.156522 0.022609 0.019130 0.801739
0.203478 0.111304 0.128696 0.556522
0.217391 0.020870 0.024348 0.737391
0.111304 0.012174 0.000000 0.876522

MOTIF 76_motif_3
letter-probability matrix: alength= 4 w= 16 nsites= 20 E= 0
0.158598 0.222037 0.212020 0.407346
0.003339 0.113523 0.210351 0.672788
0.061770 0.505843 0.395659 0.036728
0.083472 0.896494 0.000000 0.020033
0.030050 0.205342 0.597663 0.166945
0.000000 0.043406 0.951586 0.005008
0.171953 0.484140 0.203673 0.140234
0.378965 0.161937 0.414023 0.045075
0.051753 0.816361 0.131886 0.000000
0.130217 0.136895 0.021703 0.711185
0.000000 0.000000 1.000000 0.000000
0.101836 0.076795 0.821369 0.000000
0.085142 0.914858 0.000000 0.000000
0.275459 0.020033 0.419032 0.285476
0.000000 0.021703 0.978297 0.000000
0.649416 0.185309 0.120200 0.045075

MOTIF 25_motif_1
letter-probability matrix: alength= 4 w= 16 nsites= 20 E= 0
0.055276 0.130653 0.020101 0.793970
0.000000 0.060302 0.834171 0.105528
0.301508 0.457286 0.000000 0.241206
0.000000 0.000000 1.000000 0.000000
0.000000 0.075377 0.924623 0.000000
0.000000 0.110553 0.824121 0.065327
0.095477 0.226131 0.618090 0.060302
0.000000 0.422111 0.391960 0.185930
0.000000 0.000000 0.301508 0.698492
0.075377 0.085427 0.050251 0.788945
0.005025 0.110553 0.000000 0.884422
0.045226 0.070352 0.005025 0.879397
0.000000 0.000000 0.000000 1.000000
0.000000 0.015075 0.246231 0.738693
0.080402 0.000000 0.185930 0.733668
0.080402 0.035176 0.140704 0.743719

MOTIF 25_motif_2
letter-probability matrix: alength= 4 w= 16 nsites= 20 E= 0
0.015075 0.889447 0.090452 0.005025
0.000000 0.145729 0.276382 0.577889
0.000000 0.000000 0.954774 0.045226
0.341709 0.115578 0.381910 0.160804
0.331658 0.537688 0.040201 0.090452
0.326633 0.000000 0.673367 0.000000
0.000000 0.281407 0.718593 0.000000
0.452261 0.100503 0.000000 0.447236
0.010050 0.140704 0.849246 0.000000
0.497487 0.030151 0.472362 0.000000
0.100503 0.190955 0.145729 0.562814
0.000000 0.000000 0.994975 0.005025
0.040201 0.402010 0.557789 0.000000
0.125628 0.030151 0.000000 0.844221
0.000000 0.000000 1.000000 0.000000
0.788945 0.000000 0.211055 0.000000

MOTIF 25_motif_3
letter-probability matrix: alength= 4 w= 15 nsites= 20 E= 0
0.025126 0.080402 0.567839 0.326633
0.000000 0.080402 0.763819 0.155779
0.000000 0.839196 0.000000 0.160804
0.000000 0.000000 0.000000 1.000000
0.080402 0.135678 0.783920 0.000000
0.386935 0.326633 0.221106 0.065327
0.000000 1.000000 0.000000 0.000000
0.000000 0.467337 0.211055 0.321608
0.055276 0.000000 0.944724 0.000000
0.231156 0.000000 0.653266 0.115578
0.336683 0.055276 0.120603 0.487437
0.000000 0.000000 0.080402 0.919598
0.673367 0.000000 0.241206 0.085427
0.894472 0.005025 0.000000 0.100503
0.286432 0.693467 0.000000 0.020101

MOTIF 15_motif_1
letter-probability matrix: alength= 4 w= 16 nsites= 20 E= 0
0.000000 0.341667 0.083333 0.575000
0.158333 0.000000 0.700000 0.141667
0.441667 0.150000 0.233333 0.175000
0.033333 0.066667 0.900000 0.000000
0.000000 0.125000 0.875000 0.000000
0.000000 0.000000 0.708333 0.291667
0.000000 0.000000 1.000000 0.000000
0.000000 0.891667 0.108333 0.000000
0.000000 0.000000 0.041667 0.958333
0.066667 0.000000 0.325000 0.608333
0.116667 0.141667 0.000000 0.741667
0.041667 0.091667 0.000000 0.866667
0.000000 0.000000 0.125000 0.875000
0.000000 0.000000 0.058333 0.941667
0.225000 0.000000 0.300000 0.475000
0.166667 0.133333 0.091667 0.608333

MOTIF 15_motif_2
letter-probability matrix: alength= 4 w= 16 nsites= 20 E= 0
0.000000 0.967033 0.032967 0.000000
0.000000 0.109890 0.000000 0.890110
0.000000 0.208791 0.516484 0.274725
0.516484 0.362637 0.010989 0.109890
0.164835 0.835165 0.000000 0.000000
0.000000 1.000000 0.000000 0.000000
0.000000 0.153846 0.846154 0.000000
0.208791 0.000000 0.439560 0.351648
0.000000 0.164835 0.000000 0.835165
0.000000 0.000000 0.197802 0.802198
0.681319 0.000000 0.000000 0.318681
0.648352 0.153846 0.197802 0.000000
0.153846 0.813187 0.032967 0.000000
0.000000 0.681319 0.000000 0.318681
0.043956 0.648352 0.307692 0.000000
0.000000 0.670330 0.000000 0.329670

MOTIF 15_motif_3
letter-probability matrix: alength= 4 w= 16 nsites= 20 E= 0
0.0000 0.0000 0.0000 1.0000
0.1000 0.7125 0.1375 0.0500
0.2500 0.7500 0.0000 0.0000
0.1375 0.2375 0.6250 0.0000
0.0125 0.4875 0.4750 0.0250
0.2125 0.0375 0.6625 0.0875
0.6000 0.0000 0.0000 0.4000
0.0000 0.8750 0.1250 0.0000
0.0000 0.1875 0.0000 0.8125
0.0000 0.0375 0.9625 0.0000
0.9625 0.0000 0.0375 0.0000
0.1875 0.2375 0.3000 0.2750
0.0000 0.1250 0.4875 0.3875
0.0000 0.0250 0.9750 0.0000
0.1625 0.7750 0.0000 0.0625
0.0000 0.2000 0.8000 0.0000

MOTIF 38_motif_1
letter-probability matrix: alength= 4 w= 16 nsites= 20 E= 0
0.042904 0.372937 0.039604 0.544554
0.000000 0.105611 0.844884 0.049505
0.138614 0.508251 0.353135 0.000000
0.257426 0.267327 0.029703 0.445545
0.000000 0.000000 1.000000 0.000000
0.297030 0.343234 0.359736 0.000000
0.504950 0.066007 0.029703 0.399340
0.000000 0.000000 0.963696 0.036304
0.105611 0.003300 0.891089 0.000000
0.221122 0.320132 0.000000 0.458746
0.000000 0.000000 0.996700 0.003300
0.052805 0.204620 0.742574 0.000000
0.049505 0.165017 0.000000 0.785479
0.000000 0.000000 1.000000 0.000000
0.590759 0.000000 0.405941 0.003300
0.498350 0.052805 0.000000 0.448845

MOTIF 38_motif_2
letter-probability matrix: alength= 4 w= 16 nsites= 20 E= 0
0.000000 0.000000 0.809524 0.190476
0.000000 0.000000 0.183150 0.816850
0.000000 0.018315 0.981685 0.000000
0.985348 0.014652 0.000000 0.000000
0.296703 0.131868 0.000000 0.571429
0.109890 0.000000 0.769231 0.120879
0.000000 0.175824 0.494505 0.329670
0.102564 0.358974 0.000000 0.538462
0.000000 0.531136 0.186813 0.282051
0.285714 0.065934 0.648352 0.000000
0.000000 0.000000 0.267399 0.732601
0.000000 0.000000 1.000000 0.000000
0.992674 0.000000 0.007326 0.000000
0.241758 0.205128 0.003663 0.549451
0.164835 0.043956 0.457875 0.333333
0.703297 0.000000 0.146520 0.150183

MOTIF 38_motif_3
letter-probability matrix: alength= 4 w= 16 nsites= 20 E= 0
0.000000 0.000000 0.789474 0.210526
0.076923 0.445344 0.477733 0.000000
0.838057 0.149798 0.012146 0.000000
0.085020 0.558704 0.121457 0.234818
0.165992 0.384615 0.449393 0.000000
0.178138 0.821862 0.000000 0.000000
0.275304 0.000000 0.190283 0.534413
0.000000 0.724696 0.000000 0.275304
0.728745 0.000000 0.000000 0.271255
0.000000 0.072874 0.000000 0.927126
0.000000 0.878543 0.012146 0.109312
0.866397 0.000000 0.133603 0.000000
0.000000 0.190283 0.000000 0.809717
0.000000 1.000000 0.000000 0.000000
0.093117 0.012146 0.506073 0.388664
0.170040 0.000000 0.829960 0.000000

MOTIF 54_motif_1
letter-probability matrix: alength= 4 w= 16 nsites= 20 E= 0
0.000000 0.807425 0.192575 0.000000
0.227378 0.187935 0.032483 0.552204
0.000000 0.000000 1.000000 0.000000
0.338747 0.218097 0.443155 0.000000
0.350348 0.399072 0.000000 0.250580
0.078886 0.000000 0.825986 0.095128
0.064965 0.301624 0.633411 0.000000
0.303944 0.032483 0.000000 0.663573
0.000000 0.000000 1.000000 0.000000
0.227378 0.083527 0.689095 0.000000
0.334107 0.357309 0.000000 0.308585
0.025522 0.000000 0.895592 0.078886
0.088167 0.262181 0.649652 0.000000
0.315545 0.127610 0.000000 0.556845
0.000000 0.002320 0.979118 0.018561
0.412993 0.000000 0.552204 0.034803

MOTIF 54_motif_2
letter-probability matrix: alength= 4 w= 16 nsites= 20 E= 0
0.168224 0.338785 0.467290 0.025701
0.000000 0.000000 0.163551 0.836449
0.000000 0.000000 1.000000 0.000000
0.983645 0.016355 0.000000 0.000000
0.184579 0.219626 0.004673 0.591121
0.126168 0.000000 0.873832 0.000000
0.011682 0.273364 0.635514 0.079439
0.112150 0.441589 0.107477 0.338785
0.000000 0.464953 0.518692 0.016355
0.331776 0.004673 0.663551 0.000000
0.000000 0.000000 0.327103 0.672897
0.000000 0.000000 1.000000 0.000000
0.460280 0.179907 0.221963 0.137850
0.102804 0.443925 0.000000 0.453271
0.170561 0.000000 0.602804 0.226636
0.514019 0.077103 0.408879 0.000000

MOTIF 54_motif_3
letter-probability matrix: alength= 4 w= 15 nsites= 20 E= 0
0.000000 0.303944 0.000000 0.696056
0.000000 0.000000 1.000000 0.000000
0.053364 0.000000 0.946636 0.000000
0.000000 0.828306 0.000000 0.171694
0.208817 0.000000 0.791183 0.000000
0.329466 0.000000 0.670534 0.000000
0.872390 0.127610 0.000000 0.000000
0.735499 0.000000 0.064965 0.199536
0.232019 0.000000 0.767981 0.000000
0.621810 0.250580 0.090487 0.037123
0.125290 0.438515 0.197216 0.238979
0.048724 0.364269 0.531323 0.055684
0.000000 0.380510 0.299304 0.320186
0.000000 0.308585 0.691415 0.000000
0.116009 0.185615 0.698376 0.000000

MOTIF 18_motif_1
letter-probability matrix: alength= 4 w= 16 nsites= 20 E= 0
0.000000 0.304965 0.085106 0.609929
0.184397 0.000000 0.737589 0.078014
0.439716 0.127660 0.205674 0.226950
0.056738 0.028369 0.914894 0.000000
0.035461 0.113475 0.851064 0.000000
0.000000 0.000000 0.680851 0.319149
0.000000 0.000000 1.000000 0.000000
0.000000 0.921986 0.078014 0.000000
0.000000 0.000000 0.028369 0.971631
0.056738 0.000000 0.304965 0.638298
0.120567 0.170213 0.000000 0.709220
0.035461 0.141844 0.000000 0.822695
0.000000 0.000000 0.127660 0.872340
0.000000 0.000000 0.092199 0.907801
0.248227 0.000000 0.248227 0.503546
0.148936 0.120567 0.085106 0.645390

MOTIF 18_motif_2
letter-probability matrix: alength= 4 w= 16 nsites= 20 E= 0
0.000000 0.000000 0.800000 0.200000
0.000000 0.014286 0.985714 0.000000
0.000000 1.000000 0.000000 0.000000
0.000000 0.200000 0.000000 0.800000
0.042857 0.242857 0.714286 0.000000
0.557143 0.428571 0.014286 0.000000
0.000000 1.000000 0.000000 0.000000
0.000000 0.814286 0.185714 0.000000
0.042857 0.000000 0.957143 0.000000
0.000000 0.000000 0.557143 0.442857
0.485714 0.000000 0.000000 0.514286
0.000000 0.000000 0.000000 1.000000
0.557143 0.000000 0.442857 0.000000
1.000000 0.000000 0.000000 0.000000
0.257143 0.742857 0.000000 0.000000
0.300000 0.442857 0.000000 0.257143

MOTIF 18_motif_3
letter-probability matrix: alength= 4 w= 15 nsites= 20 E= 0
0.484848 0.363636 0.151515 0.000000
0.030303 0.171717 0.797980 0.000000
0.000000 0.141414 0.707071 0.151515
0.000000 0.010101 0.979798 0.010101
0.474747 0.303030 0.202020 0.020202
0.151515 0.373737 0.333333 0.141414
0.000000 0.000000 0.484848 0.515152
0.000000 0.191919 0.808081 0.000000
1.000000 0.000000 0.000000 0.000000
0.000000 0.494949 0.000000 0.505051
0.000000 0.000000 1.000000 0.000000
0.131313 0.656566 0.212121 0.000000
0.000000 1.000000 0.000000 0.000000
0.000000 0.000000 1.000000 0.000000
0.000000 0.171717 0.828283 0.000000

MOTIF 74_motif_1
letter-probability matrix: alength= 4 w= 16 nsites= 20 E= 0
0.078098 0.436333 0.473684 0.011885
0.008489 0.645161 0.346350 0.000000
0.079796 0.132428 0.081494 0.706282
0.000000 0.000000 1.000000 0.000000
0.363328 0.147708 0.488964 0.000000
0.400679 0.308998 0.000000 0.290323
0.067912 0.000000 0.910017 0.022071
0.132428 0.292020 0.575552 0.000000
0.371817 0.093379 0.000000 0.534805
0.000000 0.000000 1.000000 0.000000
0.067912 0.220713 0.711375 0.000000
0.235993 0.466893 0.047538 0.249576
0.000000 0.000000 0.928693 0.071307
0.154499 0.078098 0.767402 0.000000
0.208829 0.130730 0.050934 0.609508
0.112054 0.005093 0.799660 0.083192

MOTIF 74_motif_2
letter-probability matrix: alength= 4 w= 16 nsites= 20 E= 0
0.001695 0.040678 0.166102 0.791525
0.020339 0.437288 0.518644 0.023729
0.064407 0.923729 0.000000 0.011864
0.013559 0.211864 0.637288 0.137288
0.000000 0.000000 1.000000 0.000000
0.142373 0.477966 0.196610 0.183051
0.494915 0.177966 0.310169 0.016949
0.123729 0.764407 0.111864 0.000000
0.084746 0.110169 0.030508 0.774576
0.000000 0.000000 1.000000 0.000000
0.133898 0.077966 0.788136 0.000000
0.142373 0.823729 0.000000 0.033898
0.247458 0.016949 0.549153 0.186441
0.022034 0.152542 0.825424 0.000000
0.550847 0.250847 0.140678 0.057627
0.206780 0.316949 0.445763 0.030508

MOTIF 74_motif_3
letter-probability matrix: alength= 4 w= 16 nsites= 20 E= 0
0.011966 0.000000 0.000000 0.988034
0.013675 0.000000 0.000000 0.986325
0.000000 0.000000 0.000000 1.000000
0.029060 0.061538 0.000000 0.909402
0.141880 0.025641 0.000000 0.832479
0.105983 0.196581 0.078632 0.618803
0.353846 0.405128 0.017094 0.223932
0.203419 0.047863 0.102564 0.646154
0.119658 0.090598 0.105983 0.683761
0.242735 0.116239 0.061538 0.579487
0.314530 0.076923 0.006838 0.601709
0.280342 0.061538 0.054701 0.603419
0.121368 0.035897 0.068376 0.774359
0.176068 0.039316 0.025641 0.758974
0.364103 0.167521 0.006838 0.461538
0.211966 0.037607 0.013675 0.736752

MOTIF 69_motif_1
letter-probability matrix: alength= 4 w= 15 nsites= 20 E= 0
0.389800 0.029144 0.462659 0.118397
0.054645 0.655738 0.071038 0.218579
0.156648 0.836066 0.007286 0.000000
0.311475 0.005464 0.132969 0.550091
0.000000 0.816029 0.183971 0.000000
0.367942 0.530055 0.003643 0.098361
0.132969 0.016393 0.160291 0.690346
0.000000 0.586521 0.000000 0.413479
0.000000 1.000000 0.000000 0.000000
0.888889 0.000000 0.111111 0.000000
0.000000 0.867031 0.071038 0.061931
0.000000 1.000000 0.000000 0.000000
0.417122 0.000000 0.460838 0.122040
0.000000 0.453552 0.207650 0.338798
0.027322 0.972678 0.000000 0.000000

MOTIF 69_motif_2
letter-probability matrix: alength= 4 w= 16 nsites= 20 E= 0
0.000000 0.023551 0.246377 0.730072
0.021739 0.376812 0.532609 0.068841
0.052536 0.947464 0.000000 0.000000
0.074275 0.197464 0.601449 0.126812
0.000000 0.000000 1.000000 0.000000
0.253623 0.391304 0.202899 0.152174
0.452899 0.280797 0.237319 0.028986
0.065217 0.826087 0.108696 0.000000
0.067029 0.172101 0.041667 0.719203
0.000000 0.000000 1.000000 0.000000
0.108696 0.076087 0.815217 0.000000
0.173913 0.826087 0.000000 0.000000
0.302536 0.000000 0.492754 0.204710
0.001812 0.159420 0.838768 0.000000
0.559783 0.286232 0.153986 0.000000
0.159420 0.402174 0.434783 0.003623

MOTIF 69_motif_3
letter-probability matrix: alength= 4 w= 16 nsites= 20 E= 0
0.199275 0.005435 0.125000 0.670290
0.239130 0.034420 0.063406 0.663043
0.038043 0.000000 0.000000 0.961957
0.005435 0.000000 0.000000 0.994565
0.032609 0.056159 0.001812 0.909420
0.213768 0.034420 0.000000 0.751812
0.217391 0.096014 0.014493 0.672101
0.155797 0.500000 0.166667 0.177536
0.297101 0.197464 0.000000 0.505435
0.188406 0.012681 0.210145 0.588768
0.139493 0.028986 0.000000 0.831522
0.182971 0.108696 0.000000 0.708333
0.132246 0.007246 0.010870 0.849638
0.184783 0.072464 0.184783 0.557971
0.266304 0.088768 0.025362 0.619565
0.115942 0.000000 0.003623 0.880435

MOTIF 99_motif_1
letter-probability matrix: alength= 4 w= 16 nsites= 20 E= 0
0.016414 0.710859 0.272727 0.000000
0.209596 0.236111 0.042929 0.511364
0.000000 0.000000 1.000000 0.000000
0.295455 0.157828 0.531566 0.015152
0.366162 0.415404 0.000000 0.218434
0.138889 0.000000 0.794192 0.066919
0.089646 0.332071 0.578283 0.000000
0.263889 0.119949 0.000000 0.616162
0.000000 0.000000 1.000000 0.000000
0.189394 0.102273 0.708333 0.000000
0.279040 0.404040 0.000000 0.316919
0.037879 0.000000 0.909091 0.053030
0.089646 0.263889 0.646465 0.000000
0.368687 0.223485 0.020202 0.387626
0.015152 0.041667 0.883838 0.059343
0.347222 0.056818 0.565657 0.030303

MOTIF 99_motif_2
letter-probability matrix: alength= 4 w= 15 nsites= 20 E= 0
0.023743 0.000000 0.000000 0.976257
0.025140 0.000000 0.000000 0.974860
0.047486 0.018156 0.002793 0.931564
0.195531 0.090782 0.000000 0.713687
0.025140 0.001397 0.018156 0.955307
0.389665 0.233240 0.103352 0.273743
0.166201 0.174581 0.001397 0.657821
0.286313 0.025140 0.142458 0.546089
0.104749 0.067039 0.020950 0.807263
0.121508 0.050279 0.000000 0.828212
0.195531 0.043296 0.015363 0.745810
0.210894 0.081006 0.089385 0.618715
0.210894 0.069832 0.000000 0.719274
0.135475 0.040503 0.001397 0.822626
0.125698 0.060056 0.001397 0.812849

MOTIF 99_motif_3
letter-probability matrix: alength= 4 w= 16 nsites= 20 E= 0
0.158537 0.158537 0.290244 0.392683
0.114634 0.175610 0.443902 0.265854
0.202439 0.180488 0.436585 0.180488
0.073171 0.146341 0.719512 0.060976
0.012195 0.295122 0.602439 0.090244
0.000000 0.007317 0.829268 0.163415
0.017073 0.370732 0.609756 0.002439
0.085366 0.424390 0.063415 0.426829
0.000000 0.000000 0.000000 1.000000
0.000000 0.000000 0.000000 1.000000
0.000000 0.053659 0.000000 0.946341
0.000000 0.009756 0.000000 0.990244
0.000000 0.000000 0.043902 0.956098
0.126829 0.012195 0.019512 0.841463
0.304878 0.002439 0.351220 0.341463
0.009756 0.097561 0.024390 0.868293

MOTIF 86_motif_1
letter-probability matrix: alength= 4 w= 16 nsites= 20 E= 0
0.072780 0.417758 0.497817 0.011645
0.020378 0.612809 0.366812 0.000000
0.081514 0.122271 0.081514 0.714702
0.000000 0.000000 1.000000 0.000000
0.377001 0.145560 0.467249 0.010189
0.394469 0.307132 0.002911 0.295488
0.085881 0.000000 0.890830 0.023290
0.147016 0.279476 0.573508 0.000000
0.379913 0.091703 0.000000 0.528384
0.000000 0.000000 1.000000 0.000000
0.061135 0.218341 0.720524 0.000000
0.227074 0.459971 0.046579 0.266376
0.000000 0.000000 0.922853 0.077147
0.138282 0.075691 0.786026 0.000000
0.212518 0.151383 0.049491 0.586608
0.117904 0.016012 0.764192 0.101892

MOTIF 86_motif_2
letter-probability matrix: alength= 4 w= 16 nsites= 20 E= 0
0.008889 0.000000 0.000000 0.991111
0.011852 0.000000 0.000000 0.988148
0.004444 0.000000 0.000000 0.995556
0.038519 0.069630 0.000000 0.891852
0.148148 0.032593 0.000000 0.819259
0.174815 0.122963 0.090370 0.611852
0.346667 0.269630 0.025185 0.358519
0.157037 0.094815 0.118519 0.629630
0.168889 0.054815 0.093333 0.682963
0.210370 0.072593 0.068148 0.648889
0.259259 0.130370 0.004444 0.605926
0.340741 0.041481 0.031111 0.586667
0.170370 0.002963 0.072593 0.754074
0.197037 0.045926 0.028148 0.728889
0.414815 0.128889 0.010370 0.445926
0.214815 0.013333 0.010370 0.761481

MOTIF 86_motif_3
letter-probability matrix: alength= 4 w= 15 nsites= 20 E= 0
0.051360 0.117825 0.219033 0.611782
0.067976 0.465257 0.444109 0.022659
0.083082 0.906344 0.003021 0.007553
0.039275 0.212991 0.501511 0.246224
0.000000 0.052870 0.942598 0.004532
0.167674 0.504532 0.200906 0.126888
0.412387 0.157100 0.365559 0.064955
