<!DOCTYPE HTML>
<html>
  <head>
    <meta charset="UTF-8">
    <title>Tomtom Results</title>
    <script>
      // @JSON_VAR data
      var data = {
        "program": "Tomtom",
        "version": "5.5.4",
        "release": "Fri Jun 16 12:19:08 2023 -0700",
        "cmd": [
          "tomtom", "-dist", "ed", "-min-overlap", "8", "-thresh", "1e-10",
          "-oc",
          "/home/hanzequan/test_bectiral/operator_recongize/picture_10_phage_tfbs/EvoMega/scripts/output/NC_001895/motif_meme/fimo_results/tomtom_results.tsv",
          "-verbosity", "1",
          "/home/hanzequan/test_bectiral/operator_recongize/picture_10_phage_tfbs/EvoMega/scripts/output/NC_001895/motif_meme/fimo_results/tomtom_results.tsv/combined_motifs.meme",
          "/home/hanzequan/test_bectiral/operator_recongize/picture_10_phage_tfbs/EvoMega/scripts/output/NC_001895/motif_meme/fimo_results/tomtom_results.tsv/combined_motifs.meme"
        ],
        "options": {
          "strands": "both",
          "distance_measure": "ed",
          "threshold_type": "qvalue",
          "threshold_value": 1e-10,
          "background_source": "--query--"
        },
        "alphabet": {
          "name": "DNA",
          "like": "dna",
          "ncore": 4,
          "symbols": [
            {
              "symbol": "A",
              "name": "Adenine",
              "colour": "CC0000",
              "complement": "T"
            }, {
              "symbol": "C",
              "name": "Cytosine",
              "colour": "0000CC",
              "complement": "G"
            }, {
              "symbol": "G",
              "name": "Guanine",
              "colour": "FFB300",
              "complement": "C"
            }, {
              "symbol": "T",
              "aliases": "U",
              "name": "Thymine",
              "colour": "008000",
              "complement": "A"
            }, {
              "symbol": "N",
              "aliases": "X.",
              "name": "Any base",
              "equals": "ACGT"
            }, {
              "symbol": "V",
              "name": "Not T",
              "equals": "ACG"
            }, {
              "symbol": "H",
              "name": "Not G",
              "equals": "ACT"
            }, {
              "symbol": "D",
              "name": "Not C",
              "equals": "AGT"
            }, {
              "symbol": "B",
              "name": "Not A",
              "equals": "CGT"
            }, {
              "symbol": "M",
              "name": "Amino",
              "equals": "AC"
            }, {
              "symbol": "R",
              "name": "Purine",
              "equals": "AG"
            }, {
              "symbol": "W",
              "name": "Weak",
              "equals": "AT"
            }, {
              "symbol": "S",
              "name": "Strong",
              "equals": "CG"
            }, {
              "symbol": "Y",
              "name": "Pyrimidine",
              "equals": "CT"
            }, {
              "symbol": "K",
              "name": "Keto",
              "equals": "GT"
            }
          ]
        },
        "background": [0.25, 0.25, 0.25, 0.25],
        "query_dbs": [
          {
            "source": "/home/hanzequan/test_bectiral/operator_recongize/picture_10_phage_tfbs/EvoMega/scripts/output/NC_001895/motif_meme/fimo_results/tomtom_results.tsv/combined_motifs.meme",
            "name": "combined_motifs",
            "loaded": 303,
            "excluded": 0,
            "last_modified": "Thu Dec 19 21:26:37 2024"
          }
        ],
        "target_dbs": [
          {
            "source": "/home/hanzequan/test_bectiral/operator_recongize/picture_10_phage_tfbs/EvoMega/scripts/output/NC_001895/motif_meme/fimo_results/tomtom_results.tsv/combined_motifs.meme",
            "name": "combined_motifs",
            "loaded": 303,
            "excluded": 0,
            "last_modified": "Thu Dec 19 21:26:37 2024"
          }
        ],
        "queries": [
          {
            "db": 0,
            "id": "100_motif_1",
            "len": 16,
            "nsites": 20,
            "pwm": [
              [0.0174328, 0.708596, 0.272727, 0.00124378], 
              [0.20797, 0.237858, 0.0448308, 0.509341], 
              [0.00124378, 0.00124378, 0.996269, 0.00124378], 
              [0.295143, 0.156911, 0.531757, 0.0161881], 
              [0.364883, 0.414696, 0.00124378, 0.219178], 
              [0.143212, 0.00124378, 0.788298, 0.0672468], 
              [0.093399, 0.328767, 0.57659, 0.00124378], 
              [0.261519, 0.122042, 0.00124378, 0.615195], 
              [0.00124378, 0.00124378, 0.996269, 0.00124378], 
              [0.18929, 0.102116, 0.70735, 0.00124378], 
              [0.280199, 0.404733, 0.00124378, 0.313824], 
              [0.0410945, 0.00124378, 0.901623, 0.0560388], 
              [0.0896627, 0.265256, 0.643838, 0.00124378], 
              [0.366127, 0.221669, 0.0211692, 0.391035], 
              [0.0161881, 0.0423403, 0.881698, 0.0597751], 
              [0.348693, 0.0572836, 0.562892, 0.0311323]
            ]
          }, {
            "db": 0,
            "id": "100_motif_2",
            "len": 15,
            "nsites": 20,
            "pwm": [
              [0.0277075, 0.00124378, 0.00124378, 0.969805], 
              [0.0277075, 0.00124378, 0.00124378, 0.969805], 
              [0.0449085, 0.0171214, 0.00389055, 0.93408], 
              [0.198396, 0.0925423, 0.00124378, 0.707817], 
              [0.0290308, 0.00521294, 0.0184448, 0.947311], 
              [0.410103, 0.226183, 0.100482, 0.263232], 
              [0.167963, 0.167963, 0.00256716, 0.661506], 
              [0.280433, 0.033, 0.138854, 0.547713], 
              [0.120329, 0.0647562, 0.0263841, 0.78853], 
              [0.126945, 0.0568169, 0.00256716, 0.813671], 
              [0.203689, 0.0462318, 0.0171214, 0.732957], 
              [0.214275, 0.0753413, 0.0912199, 0.619165], 
              [0.21692, 0.067402, 0.00256716, 0.71311], 
              [0.132238, 0.0449085, 0.00256716, 0.820287], 
              [0.126945, 0.0607861, 0.00256716, 0.809701]
            ]
          }, {
            "db": 0,
            "id": "100_motif_3",
            "len": 15,
            "nsites": 20,
            "pwm": [
              [0.0913592, 0.17021, 0.158946, 0.579485], 
              [0.087604, 0.252816, 0.401131, 0.258449], 
              [0.294119, 0.249062, 0.190862, 0.265958], 
              [0.0613204, 0.207758, 0.622665, 0.108256], 
              [0.00124378, 0.316648, 0.577607, 0.104501], 
              [0.00312139, 0.143926, 0.639561, 0.213391], 
              [0.00124378, 0.0538109, 0.861096, 0.0838498], 
              [0.181475, 0.617033, 0.136417, 0.0650756], 
              [0.108256, 0.00875323, 0.00312139, 0.87987], 
              [0.00124378, 0.00124378, 0.00124378, 0.996269], 
              [0.00124378, 0.038792, 0.00124378, 0.95872], 
              [0.00124378, 0.00124378, 0.00124378, 0.996269], 
              [0.00124378, 0.00124378, 0.00124378, 0.996269], 
              [0.0575662, 0.029405, 0.0256498, 0.887379], 
              [0.17021, 0.0406697, 0.183352, 0.605768]
            ]
          }, {
            "db": 0,
            "id": "101_motif_1",
            "len": 16,
            "nsites": 20,
            "pwm": [
              [0.0173522, 0.708789, 0.272614, 0.00124378], 
              [0.20694, 0.23668, 0.0446139, 0.511767], 
              [0.00124378, 0.00124378, 0.996269, 0.00124378], 
              [0.297397, 0.156135, 0.530354, 0.0161134], 
              [0.36431, 0.412637, 0.00124378, 0.22181], 
              [0.143744, 0.00124378, 0.788095, 0.0669174], 
              [0.0929393, 0.327136, 0.578681, 0.00124378], 
              [0.260223, 0.125157, 0.00124378, 0.613376], 
              [0.00124378, 0.00124378, 0.996269, 0.00124378], 
              [0.189592, 0.101614, 0.70755, 0.00124378], 
              [0.283766, 0.402723, 0.00124378, 0.312267], 
              [0.0421353, 0.00124378, 0.897138, 0.0594836], 
              [0.0892219, 0.26394, 0.645594, 0.00124378], 
              [0.365549, 0.22057, 0.0210697, 0.39281], 
              [0.0161134, 0.0421353, 0.882269, 0.0594836], 
              [0.346962, 0.057005, 0.56505, 0.0309831]
            ]
          }, {
            "db": 0,
            "id": "101_motif_2",
            "len": 16,
            "nsites": 20,
            "pwm": [
              [0.04839, 0.00744677, 0.00124378, 0.942919], 
              [0.0136507, 0.00496617, 0.00124378, 0.98014], 
              [0.0210945, 0.0508706, 0.00124378, 0.926791], 
              [0.0620368, 0.00248458, 0.00248458, 0.932994], 
              [0.445407, 0.0942945, 0.0446677, 0.415631], 
              [0.0632776, 0.110424, 0.0223353, 0.803963], 
              [0.241935, 0.0980169, 0.00496617, 0.655082], 
              [0.160051, 0.110424, 0.136478, 0.593048], 
              [0.259305, 0.148885, 0.0161323, 0.575679], 
              [0.241935, 0.0335015, 0.0260577, 0.698505], 
              [0.230769, 0.127793, 0.0508706, 0.590566], 
              [0.214641, 0.143922, 0.00248458, 0.638953], 
              [0.235732, 0.0173721, 0.0347423, 0.712153], 
              [0.229528, 0.0210945, 0.0210945, 0.728282], 
              [0.148885, 0.111665, 0.00124378, 0.738207], 
              [0.197271, 0.00124378, 0.00124378, 0.800242]
            ]
          }, {
            "db": 0,
            "id": "101_motif_3",
            "len": 15,
            "nsites": 20,
            "pwm": [
              [0.108375, 0.218753, 0.546641, 0.126231], 
              [0.0158527, 0.273942, 0.631048, 0.0791572], 
              [0.00449055, 0.283682, 0.55151, 0.160317], 
              [0.00124378, 0.012606, 0.837195, 0.148955], 
              [0.0888965, 0.457364, 0.402175, 0.0515632], 
              [0.116492, 0.285304, 0.0385771, 0.559627], 
              [0.0190995, 0.00124378, 0.00124378, 0.978413], 
              [0.00124378, 0.00124378, 0.00124378, 0.996269], 
              [0.00124378, 0.0629254, 0.00124378, 0.934587], 
              [0.00124378, 0.012606, 0.0190995, 0.967051], 
              [0.0239682, 0.0223453, 0.148955, 0.80473], 
              [0.0726647, 0.0385771, 0.00773632, 0.881021], 
              [0.270696, 0.0223453, 0.452495, 0.254464], 
              [0.012606, 0.148955, 0.0174756, 0.820962], 
              [0.116492, 0.0466935, 0.411914, 0.4249]
            ]
          }, {
            "db": 0,
            "id": "10_motif_1",
            "len": 16,
            "nsites": 20,
            "pwm": [
              [0.00124378, 0.200249, 0.0261194, 0.772388], 
              [0.125622, 0.00124378, 0.797264, 0.0758706], 
              [0.461443, 0.461443, 0.00124378, 0.0758706], 
              [0.00124378, 0.00124378, 0.996269, 0.00124378], 
              [0.00124378, 0.00124378, 0.996269, 0.00124378], 
              [0.00124378, 0.00124378, 0.772388, 0.225124], 
              [0.00124378, 0.162935, 0.834577, 0.00124378], 
              [0.00124378, 0.710199, 0.200249, 0.0883085], 
              [0.00124378, 0.00124378, 0.337065, 0.660448], 
              [0.0758706, 0.25, 0.150498, 0.523632], 
              [0.162935, 0.125622, 0.00124378, 0.710199], 
              [0.0385572, 0.0385572, 0.00124378, 0.921642], 
              [0.00124378, 0.00124378, 0.125622, 0.871891], 
              [0.00124378, 0.150498, 0.125622, 0.722637], 
              [0.0385572, 0.00124378, 0.386816, 0.573383], 
              [0.0385572, 0.00124378, 0.312189, 0.64801]
            ]
          }, {
            "db": 0,
            "id": "10_motif_2",
            "len": 16,
            "nsites": 20,
            "pwm": [
              [0.149755, 0.832906, 0.0160945, 0.00124378], 
              [0.00124378, 0.847757, 0.00124378, 0.149755], 
              [0.149755, 0.238862, 0.610139, 0.00124378], 
              [0.238862, 0.313117, 0.446777, 0.00124378], 
              [0.00124378, 0.209159, 0.446777, 0.34282], 
              [0.00124378, 0.149755, 0.47648, 0.372521], 
              [0.550735, 0.357671, 0.0903502, 0.00124378], 
              [0.00124378, 0.00124378, 0.996269, 0.00124378], 
              [0.00124378, 0.7438, 0.149755, 0.105202], 
              [0.00124378, 0.996269, 0.00124378, 0.00124378], 
              [0.253712, 0.105202, 0.0903502, 0.550735], 
              [0.00124378, 0.164606, 0.595289, 0.238862], 
              [0.417075, 0.120053, 0.461629, 0.00124378], 
              [0.00124378, 0.907162, 0.0903502, 0.00124378], 
              [0.00124378, 0.847757, 0.00124378, 0.149755], 
              [0.00124378, 0.0160945, 0.981418, 0.00124378]
            ]
          }, {
            "db": 0,
            "id": "10_motif_3",
            "len": 15,
            "nsites": 20,
            "pwm": [
              [0.587598, 0.321074, 0.0900856, 0.00124378], 
              [0.107854, 0.392146, 0.35661, 0.14339], 
              [0.00124378, 0.00124378, 0.658671, 0.338842], 
              [0.125622, 0.00124378, 0.676439, 0.196696], 
              [0.374378, 0.46322, 0.0190119, 0.14339], 
              [0.00124378, 0.587598, 0.409914, 0.00124378], 
              [0.00124378, 0.161158, 0.00124378, 0.836354], 
              [0.00124378, 0.00124378, 0.996269, 0.00124378], 
              [0.836354, 0.161158, 0.00124378, 0.00124378], 
              [0.00124378, 0.178926, 0.00124378, 0.818586], 
              [0.0190119, 0.00124378, 0.9785, 0.00124378], 
              [0.161158, 0.161158, 0.676439, 0.00124378], 
              [0.00124378, 0.9785, 0.00124378, 0.0190119], 
              [0.0723174, 0.00124378, 0.925195, 0.00124378], 
              [0.00124378, 0.00124378, 0.871891, 0.125622]
            ]
          }, {
            "db": 0,
            "id": "11_motif_1",
            "len": 16,
            "nsites": 20,
            "pwm": [
              [0.00124378, 0.193465, 0.0238577, 0.781434], 
              [0.114314, 0.00124378, 0.804048, 0.080393], 
              [0.453527, 0.464835, 0.00124378, 0.080393], 
              [0.00124378, 0.00124378, 0.996269, 0.00124378], 
              [0.00124378, 0.00124378, 0.996269, 0.00124378], 
              [0.00124378, 0.00124378, 0.781434, 0.216079], 
              [0.00124378, 0.170851, 0.826662, 0.00124378], 
              [0.00124378, 0.702284, 0.204771, 0.0917005], 
              [0.00124378, 0.00124378, 0.340457, 0.657056], 
              [0.080393, 0.25, 0.136929, 0.532678], 
              [0.159543, 0.125622, 0.00124378, 0.713591], 
              [0.0464726, 0.0351652, 0.00124378, 0.917119], 
              [0.00124378, 0.00124378, 0.114314, 0.883198], 
              [0.00124378, 0.148236, 0.125622, 0.724899], 
              [0.0351652, 0.00124378, 0.374378, 0.589213], 
              [0.0464726, 0.00124378, 0.317843, 0.634442]
            ]
          }, {
            "db": 0,
            "id": "11_motif_2",
            "len": 15,
            "nsites": 20,
            "pwm": [
              [0.417766, 0.568176, 0.0128139, 0.00124378], 
              [0.093804, 0.197934, 0.707017, 0.00124378], 
              [0.00124378, 0.00124378, 0.811147, 0.186365], 
              [0.00124378, 0.00124378, 0.788008, 0.209504], 
              [0.325205, 0.417766, 0.151655, 0.105374], 
              [0.348345, 0.325205, 0.325205, 0.00124378], 
              [0.00124378, 0.0822338, 0.487186, 0.429336], 
              [0.00124378, 0.383056, 0.614457, 0.00124378], 
              [0.660737, 0.336775, 0.00124378, 0.00124378], 
              [0.00124378, 0.244215, 0.00124378, 0.753298], 
              [0.00124378, 0.00124378, 0.996269, 0.00124378], 
              [0.244215, 0.325205, 0.429336, 0.00124378], 
              [0.00124378, 0.996269, 0.00124378, 0.00124378], 
              [0.00124378, 0.128514, 0.741727, 0.128514], 
              [0.00124378, 0.093804, 0.903708, 0.00124378]
            ]
          }, {
            "db": 0,
            "id": "11_motif_3",
            "len": 16,
            "nsites": 20,
            "pwm": [
              [0.0150637, 0.471116, 0.512576, 0.00124378], 
              [0.26382, 0.00124378, 0.111802, 0.623134], 
              [0.0150637, 0.125622, 0.706053, 0.153262], 
              [0.00124378, 0.00124378, 0.00124378, 0.996269], 
              [0.00124378, 0.540216, 0.00124378, 0.457297], 
              [0.00124378, 0.471116, 0.0427035, 0.484936], 
              [0.567855, 0.25, 0.180901, 0.00124378], 
              [0.00124378, 0.996269, 0.00124378, 0.00124378], 
              [0.23618, 0.00124378, 0.23618, 0.526396], 
              [0.0150637, 0.650774, 0.00124378, 0.332918], 
              [0.180901, 0.29146, 0.0565234, 0.471116], 
              [0.00124378, 0.00124378, 0.761332, 0.23618], 
              [0.0979821, 0.332918, 0.00124378, 0.567855], 
              [0.00124378, 0.00124378, 0.996269, 0.00124378], 
              [0.00124378, 0.788972, 0.00124378, 0.20854], 
              [0.00124378, 0.706053, 0.25, 0.0427035]
            ]
          }, {
            "db": 0,
            "id": "12_motif_1",
            "len": 16,
            "nsites": 20,
            "pwm": [
              [0.00124378, 0.332918, 0.0945274, 0.57131], 
              [0.135987, 0.00124378, 0.716418, 0.146351], 
              [0.446932, 0.125622, 0.239635, 0.187811], 
              [0.0323383, 0.073798, 0.89262, 0.00124378], 
              [0.00124378, 0.125622, 0.871891, 0.00124378], 
              [0.00124378, 0.00124378, 0.695689, 0.301824], 
              [0.00124378, 0.00124378, 0.996269, 0.00124378], 
              [0.00124378, 0.882256, 0.115257, 0.00124378], 
              [0.00124378, 0.00124378, 0.0219731, 0.975539], 
              [0.073798, 0.00124378, 0.312189, 0.612769], 
              [0.125622, 0.146351, 0.00124378, 0.726783], 
              [0.0427035, 0.0841622, 0.00124378, 0.871891], 
              [0.00124378, 0.00124378, 0.125622, 0.871891], 
              [0.00124378, 0.00124378, 0.0530677, 0.944445], 
              [0.20854, 0.00124378, 0.312189, 0.478027], 
              [0.156716, 0.135987, 0.0945274, 0.612769]
            ]
          }, {
            "db": 0,
            "id": "12_motif_2",
            "len": 16,
            "nsites": 20,
            "pwm": [
              [0.126931, 0.619207, 0.252619, 0.00124378], 
              [0.00124378, 0.776315, 0.0850358, 0.137405], 
              [0.00124378, 0.420202, 0.57731, 0.00124378], 
              [0.200249, 0.367832, 0.430676, 0.00124378], 
              [0.00124378, 0.294514, 0.242144, 0.462098], 
              [0.00124378, 0.315462, 0.409727, 0.273566], 
              [0.640154, 0.273566, 0.0850358, 0.00124378], 
              [0.00124378, 0.00124378, 0.996269, 0.00124378], 
              [0.00124378, 0.73442, 0.00124378, 0.263093], 
              [0.0117174, 0.912477, 0.0745612, 0.00124378], 
              [0.399254, 0.0640876, 0.0745612, 0.462098], 
              [0.00124378, 0.00124378, 0.797264, 0.200249], 
              [0.357358, 0.0850358, 0.451624, 0.105983], 
              [0.00124378, 0.723946, 0.273566, 0.00124378], 
              [0.00124378, 0.797264, 0.00124378, 0.200249], 
              [0.00124378, 0.00124378, 0.996269, 0.00124378]
            ]
          }, {
            "db": 0,
            "id": "12_motif_3",
            "len": 16,
            "nsites": 20,
            "pwm": [
              [0.00124378, 0.233416, 0.283167, 0.482172], 
              [0.11733, 0.283167, 0.598259, 0.00124378], 
              [0.465589, 0.316335, 0.216833, 0.00124378], 
              [0.299751, 0.0841622, 0.498756, 0.11733], 
              [0.133913, 0.00124378, 0.847015, 0.0178279], 
              [0.415838, 0.00124378, 0.366087, 0.216833], 
              [0.332918, 0.316335, 0.183665, 0.167082], 
              [0.00124378, 0.565092, 0.432421, 0.00124378], 
              [0.00124378, 0.00124378, 0.00124378, 0.996269], 
              [0.00124378, 0.00124378, 0.996269, 0.00124378], 
              [0.813848, 0.183665, 0.00124378, 0.00124378], 
              [0.00124378, 0.00124378, 0.00124378, 0.996269], 
              [0.00124378, 0.200249, 0.797264, 0.00124378], 
              [0.133913, 0.133913, 0.730928, 0.00124378], 
              [0.00124378, 0.996269, 0.00124378, 0.00124378], 
              [0.0675791, 0.00124378, 0.929933, 0.00124378]
            ]
          }, {
            "db": 0,
            "id": "13_motif_1",
            "len": 16,
            "nsites": 20,
            "pwm": [
              [0.00124378, 0.355243, 0.0873512, 0.556161], 
              [0.154324, 0.00124378, 0.699675, 0.144757], 
              [0.441351, 0.135189, 0.240433, 0.183027], 
              [0.0299463, 0.0777841, 0.891026, 0.00124378], 
              [0.00124378, 0.125622, 0.871891, 0.00124378], 
              [0.00124378, 0.00124378, 0.709242, 0.288271], 
              [0.00124378, 0.00124378, 0.996269, 0.00124378], 
              [0.00124378, 0.881458, 0.116055, 0.00124378], 
              [0.00124378, 0.00124378, 0.0395144, 0.957998], 
              [0.0682169, 0.00124378, 0.32654, 0.603999], 
              [0.116055, 0.144757, 0.00124378, 0.737945], 
              [0.0395144, 0.0873512, 0.00124378, 0.871891], 
              [0.00124378, 0.00124378, 0.125622, 0.871891], 
              [0.00124378, 0.00124378, 0.0586488, 0.938864], 
              [0.221298, 0.00124378, 0.316973, 0.460486], 
              [0.163893, 0.135189, 0.0873512, 0.613567]
            ]
          }, {
            "db": 0,
            "id": "13_motif_2",
            "len": 16,
            "nsites": 20,
            "pwm": [
              [0.125622, 0.603999, 0.269135, 0.00124378], 
              [0.00124378, 0.776215, 0.0873512, 0.135189], 
              [0.00124378, 0.412649, 0.584864, 0.00124378], 
              [0.183027, 0.383945, 0.431783, 0.00124378], 
              [0.00124378, 0.288271, 0.269135, 0.441351], 
              [0.00124378, 0.307405, 0.403081, 0.288271], 
              [0.623134, 0.288271, 0.0873512, 0.00124378], 
              [0.00124378, 0.00124378, 0.996269, 0.00124378], 
              [0.00124378, 0.699675, 0.00124378, 0.297838], 
              [0.00124378, 0.891026, 0.106487, 0.00124378], 
              [0.556161, 0.0586488, 0.0682169, 0.316973], 
              [0.00124378, 0.00124378, 0.766648, 0.230865], 
              [0.345676, 0.0777841, 0.470054, 0.106487], 
              [0.00124378, 0.699675, 0.297838, 0.00124378], 
              [0.00124378, 0.79535, 0.00124378, 0.202162], 
              [0.00124378, 0.00124378, 0.996269, 0.00124378]
            ]
          }, {
            "db": 0,
            "id": "13_motif_3",
            "len": 16,
            "nsites": 20,
            "pwm": [
              [0.443477, 0.554036, 0.00124378, 0.00124378], 
              [0.19472, 0.00124378, 0.609314, 0.19472], 
              [0.00124378, 0.00124378, 0.996269, 0.00124378], 
              [0.19472, 0.00124378, 0.609314, 0.19472], 
              [0.360558, 0.388198, 0.00124378, 0.25], 
              [0.00124378, 0.747512, 0.25, 0.00124378], 
              [0.00124378, 0.00124378, 0.00124378, 0.996269], 
              [0.00124378, 0.00124378, 0.996269, 0.00124378], 
              [0.996269, 0.00124378, 0.00124378, 0.00124378], 
              [0.00124378, 0.00124378, 0.00124378, 0.996269], 
              [0.00124378, 0.00124378, 0.996269, 0.00124378], 
              [0.22236, 0.00124378, 0.775152, 0.00124378], 
              [0.00124378, 0.996269, 0.00124378, 0.00124378], 
              [0.0841622, 0.00124378, 0.91335, 0.00124378], 
              [0.00124378, 0.00124378, 0.996269, 0.00124378], 
              [0.554036, 0.19472, 0.25, 0.00124378]
            ]
          }, {
            "db": 0,
            "id": "14_motif_1",
            "len": 16,
            "nsites": 20,
            "pwm": [
              [0.00124378, 0.338842, 0.0900856, 0.56983], 
              [0.14339, 0.00124378, 0.711976, 0.14339], 
              [0.445452, 0.125622, 0.241115, 0.187811], 
              [0.0367801, 0.0723174, 0.889659, 0.00124378], 
              [0.00124378, 0.125622, 0.871891, 0.00124378], 
              [0.00124378, 0.00124378, 0.703092, 0.294421], 
              [0.00124378, 0.00124378, 0.996269, 0.00124378], 
              [0.00124378, 0.880775, 0.116737, 0.00124378], 
              [0.00124378, 0.00124378, 0.0278965, 0.969616], 
              [0.0723174, 0.00124378, 0.312189, 0.61425], 
              [0.116737, 0.14339, 0.00124378, 0.738628], 
              [0.0456647, 0.0900856, 0.00124378, 0.863006], 
              [0.00124378, 0.00124378, 0.125622, 0.871891], 
              [0.00124378, 0.00124378, 0.0545483, 0.942964], 
              [0.214464, 0.00124378, 0.312189, 0.472103], 
              [0.161158, 0.134506, 0.0900856, 0.61425]
            ]
          }, {
            "db": 0,
            "id": "14_motif_2",
            "len": 16,
            "nsites": 20,
            "pwm": [
              [0.00124378, 0.96115, 0.0363622, 0.00124378], 
              [0.00124378, 0.118305, 0.00124378, 0.879207], 
              [0.00124378, 0.200249, 0.516315, 0.282192], 
              [0.504609, 0.364135, 0.0129502, 0.118305], 
              [0.16513, 0.832382, 0.00124378, 0.00124378], 
              [0.00124378, 0.996269, 0.00124378, 0.00124378], 
              [0.00124378, 0.153424, 0.844089, 0.00124378], 
              [0.200249, 0.00124378, 0.446079, 0.352429], 
              [0.00124378, 0.16513, 0.00124378, 0.832382], 
              [0.00124378, 0.00124378, 0.200249, 0.797264], 
              [0.680202, 0.00124378, 0.00124378, 0.31731], 
              [0.645084, 0.153424, 0.200249, 0.00124378], 
              [0.153424, 0.80897, 0.0363622, 0.00124378], 
              [0.00124378, 0.680202, 0.00124378, 0.31731], 
              [0.0363622, 0.645084, 0.31731, 0.00124378], 
              [0.00124378, 0.65679, 0.00124378, 0.340722]
            ]
          }, {
            "db": 0,
            "id": "14_motif_3",
            "len": 16,
            "nsites": 20,
            "pwm": [
              [0.00124378, 0.00124378, 0.00124378, 0.996269], 
              [0.116609, 0.751117, 0.116609, 0.0156647], 
              [0.260816, 0.736697, 0.00124378, 0.00124378], 
              [0.116609, 0.188712, 0.664594, 0.0300856], 
              [0.00124378, 0.505966, 0.491546, 0.00124378], 
              [0.246395, 0.00124378, 0.650173, 0.102188], 
              [0.621331, 0.00124378, 0.00124378, 0.376181], 
              [0.00124378, 0.880903, 0.116609, 0.00124378], 
              [0.00124378, 0.203133, 0.00124378, 0.794379], 
              [0.00124378, 0.0445055, 0.953007, 0.00124378], 
              [0.967427, 0.00124378, 0.00124378, 0.0300856], 
              [0.203133, 0.203133, 0.260816, 0.332918], 
              [0.00124378, 0.145451, 0.448284, 0.405022], 
              [0.00124378, 0.0156647, 0.981848, 0.00124378], 
              [0.174292, 0.794379, 0.00124378, 0.0300856], 
              [0.00124378, 0.174292, 0.823221, 0.00124378]
            ]
          }, {
            "db": 0,
            "id": "15_motif_1",
            "len": 16,
            "nsites": 20,
            "pwm": [
              [0.00124378, 0.341211, 0.0841622, 0.573383], 
              [0.158789, 0.00124378, 0.697761, 0.142206], 
              [0.440713, 0.150498, 0.233416, 0.175373], 
              [0.0344109, 0.0675791, 0.896766, 0.00124378], 
              [0.00124378, 0.125622, 0.871891, 0.00124378], 
              [0.00124378, 0.00124378, 0.706053, 0.29146], 
              [0.00124378, 0.00124378, 0.996269, 0.00124378], 
              [0.00124378, 0.888475, 0.109038, 0.00124378], 
              [0.00124378, 0.00124378, 0.0427035, 0.954809], 
              [0.0675791, 0.00124378, 0.324627, 0.60655], 
              [0.11733, 0.142206, 0.00124378, 0.739221], 
              [0.0427035, 0.0924547, 0.00124378, 0.863599], 
              [0.00124378, 0.00124378, 0.125622, 0.871891], 
              [0.00124378, 0.00124378, 0.0592866, 0.938226], 
              [0.225124, 0.00124378, 0.299751, 0.473881], 
              [0.167082, 0.133913, 0.0924547, 0.60655]
            ]
          }, {
            "db": 0,
            "id": "15_motif_2",
            "len": 16,
            "nsites": 20,
            "pwm": [
              [0.00124378, 0.963466, 0.0340468, 0.00124378], 
              [0.00124378, 0.110587, 0.00124378, 0.886925], 
              [0.00124378, 0.208996, 0.515158, 0.274602], 
              [0.515158, 0.362077, 0.0121781, 0.110587], 
              [0.165259, 0.832254, 0.00124378, 0.00124378], 
              [0.00124378, 0.996269, 0.00124378, 0.00124378], 
              [0.00124378, 0.154324, 0.843188, 0.00124378], 
              [0.208996, 0.00124378, 0.438617, 0.351142], 
              [0.00124378, 0.165259, 0.00124378, 0.832254], 
              [0.00124378, 0.00124378, 0.198062, 0.799451], 
              [0.679173, 0.00124378, 0.00124378, 0.318339], 
              [0.64637, 0.154324, 0.198062, 0.00124378], 
              [0.154324, 0.810385, 0.0340468, 0.00124378], 
              [0.00124378, 0.679173, 0.00124378, 0.318339], 
              [0.0449811, 0.64637, 0.307405, 0.00124378], 
              [0.00124378, 0.668239, 0.00124378, 0.329274]
            ]
          }, {
            "db": 0,
            "id": "15_motif_3",
            "len": 16,
            "nsites": 20,
            "pwm": [
              [0.00124378, 0.00124378, 0.00124378, 0.996269], 
              [0.100746, 0.710199, 0.13806, 0.050995], 
              [0.25, 0.747512, 0.00124378, 0.00124378], 
              [0.13806, 0.237562, 0.623134, 0.00124378], 
              [0.0136816, 0.486318, 0.473881, 0.0261194], 
              [0.212687, 0.0385572, 0.660448, 0.0883085], 
              [0.598259, 0.00124378, 0.00124378, 0.399254], 
              [0.00124378, 0.871891, 0.125622, 0.00124378], 
              [0.00124378, 0.187811, 0.00124378, 0.809701], 
              [0.00124378, 0.0385572, 0.958955, 0.00124378], 
              [0.958955, 0.00124378, 0.0385572, 0.00124378], 
              [0.187811, 0.237562, 0.299751, 0.274876], 
              [0.00124378, 0.125622, 0.486318, 0.386816], 
              [0.00124378, 0.0261194, 0.971393, 0.00124378], 
              [0.162935, 0.772388, 0.00124378, 0.0634328], 
              [0.00124378, 0.200249, 0.797264, 0.00124378]
            ]
          }, {
            "db": 0,
            "id": "16_motif_1",
            "len": 16,
            "nsites": 20,
            "pwm": [
              [0.00124378, 0.366605, 0.0789801, 0.553172], 
              [0.180038, 0.00124378, 0.693097, 0.125622], 
              [0.436567, 0.141169, 0.25, 0.172264], 
              [0.0478856, 0.0634328, 0.887438, 0.00124378], 
              [0.00124378, 0.133395, 0.864117, 0.00124378], 
              [0.00124378, 0.00124378, 0.724191, 0.273321], 
              [0.00124378, 0.00124378, 0.996269, 0.00124378], 
              [0.00124378, 0.895212, 0.1023, 0.00124378], 
              [0.00124378, 0.00124378, 0.0478856, 0.949627], 
              [0.0634328, 0.00124378, 0.312189, 0.623134], 
              [0.110075, 0.141169, 0.00124378, 0.747512], 
              [0.0478856, 0.110075, 0.00124378, 0.840796], 
              [0.00124378, 0.00124378, 0.125622, 0.871891], 
              [0.00124378, 0.00124378, 0.0634328, 0.93408], 
              [0.25, 0.00124378, 0.288868, 0.459889], 
              [0.16449, 0.133395, 0.0945274, 0.607587]
            ]
          }, {
            "db": 0,
            "id": "16_motif_2",
            "len": 16,
            "nsites": 20,
            "pwm": [
              [0.00124378, 0.965809, 0.0317035, 0.00124378], 
              [0.00124378, 0.11293, 0.00124378, 0.884582], 
              [0.00124378, 0.214464, 0.508909, 0.275383], 
              [0.508909, 0.366763, 0.011397, 0.11293], 
              [0.163697, 0.833816, 0.00124378, 0.00124378], 
              [0.00124378, 0.996269, 0.00124378, 0.00124378], 
              [0.00124378, 0.153543, 0.843969, 0.00124378], 
              [0.214464, 0.00124378, 0.437837, 0.346457], 
              [0.00124378, 0.17385, 0.00124378, 0.823663], 
              [0.00124378, 0.00124378, 0.214464, 0.783049], 
              [0.681515, 0.00124378, 0.00124378, 0.315997], 
              [0.651056, 0.153543, 0.194157, 0.00124378], 
              [0.153543, 0.813509, 0.0317035, 0.00124378], 
              [0.00124378, 0.681515, 0.00124378, 0.315997], 
              [0.0418567, 0.640902, 0.315997, 0.00124378], 
              [0.00124378, 0.671362, 0.00124378, 0.32615]
            ]
          }, {
            "db": 0,
            "id": "16_motif_3",
            "len": 16,
            "nsites": 20,
            "pwm": [
              [0.00124378, 0.00124378, 0.00124378, 0.996269], 
              [0.104623, 0.737821, 0.104623, 0.0529333], 
              [0.233847, 0.763666, 0.00124378, 0.00124378], 
              [0.14339, 0.208002, 0.647364, 0.00124378], 
              [0.0141662, 0.453527, 0.505218, 0.0270886], 
              [0.220924, 0.00124378, 0.686131, 0.0917005], 
              [0.660287, 0.00124378, 0.00124378, 0.337226], 
              [0.00124378, 0.89289, 0.104623, 0.00124378], 
              [0.00124378, 0.208002, 0.00124378, 0.78951], 
              [0.00124378, 0.0400109, 0.957501, 0.00124378], 
              [0.957501, 0.00124378, 0.0400109, 0.00124378], 
              [0.208002, 0.259692, 0.233847, 0.298459], 
              [0.00124378, 0.130468, 0.479372, 0.388915], 
              [0.00124378, 0.0270886, 0.970424, 0.00124378], 
              [0.182157, 0.815355, 0.00124378, 0.00124378], 
              [0.00124378, 0.182157, 0.815355, 0.00124378]
            ]
          }, {
            "db": 0,
            "id": "17_motif_1",
            "len": 16,
            "nsites": 20,
            "pwm": [
              [0.00124378, 0.34029, 0.0823194, 0.576147], 
              [0.185507, 0.00124378, 0.716188, 0.0970607], 
              [0.436106, 0.141285, 0.22236, 0.200249], 
              [0.0528378, 0.0380965, 0.907822, 0.00124378], 
              [0.0233552, 0.126543, 0.848858, 0.00124378], 
              [0.00124378, 0.00124378, 0.701447, 0.296066], 
              [0.00124378, 0.00124378, 0.996269, 0.00124378], 
              [0.00124378, 0.915193, 0.0823194, 0.00124378], 
              [0.00124378, 0.00124378, 0.0454667, 0.952046], 
              [0.060208, 0.00124378, 0.310807, 0.627741], 
              [0.111802, 0.163396, 0.00124378, 0.723558], 
              [0.0454667, 0.126543, 0.00124378, 0.826746], 
              [0.00124378, 0.00124378, 0.126543, 0.870969], 
              [0.00124378, 0.00124378, 0.0749493, 0.922563], 
              [0.266584, 0.00124378, 0.259213, 0.472959], 
              [0.163396, 0.126543, 0.0896905, 0.62037]
            ]
          }, {
            "db": 0,
            "id": "17_motif_2",
            "len": 16,
            "nsites": 20,
            "pwm": [
              [0.101751, 0.895761, 0.00124378, 0.00124378], 
              [0.00124378, 0.00124378, 0.00124378, 0.996269], 
              [0.00124378, 0.312817, 0.513833, 0.172106], 
              [0.503782, 0.48368, 0.0112945, 0.00124378], 
              [0.172106, 0.825406, 0.00124378, 0.00124378], 
              [0.00124378, 0.905812, 0.00124378, 0.0917005], 
              [0.00124378, 0.0414468, 0.956066, 0.00124378], 
              [0.22236, 0.00124378, 0.322868, 0.453527], 
              [0.00124378, 0.252512, 0.00124378, 0.745], 
              [0.00124378, 0.00124378, 0.192208, 0.805304], 
              [0.60429, 0.00124378, 0.00124378, 0.393223], 
              [0.574137, 0.252512, 0.172106, 0.00124378], 
              [0.172106, 0.795254, 0.031396, 0.00124378], 
              [0.00124378, 0.654543, 0.00124378, 0.342969], 
              [0.0414468, 0.765101, 0.192208, 0.00124378], 
              [0.00124378, 0.775152, 0.00124378, 0.22236]
            ]
          }, {
            "db": 0,
            "id": "17_motif_3",
            "len": 15,
            "nsites": 20,
            "pwm": [
              [0.0985015, 0.165835, 0.73442, 0.00124378], 
              [0.263093, 0.46509, 0.270574, 0.00124378], 
              [0.00124378, 0.233167, 0.726938, 0.0386507], 
              [0.0685761, 0.0985015, 0.726938, 0.105983], 
              [0.188279, 0.00124378, 0.809234, 0.00124378], 
              [0.480053, 0.14339, 0.270574, 0.105983], 
              [0.278055, 0.502497, 0.120946, 0.0985015], 
              [0.00124378, 0.00124378, 0.427683, 0.56983], 
              [0.00124378, 0.233167, 0.764345, 0.00124378], 
              [0.996269, 0.00124378, 0.00124378, 0.00124378], 
              [0.00124378, 0.427683, 0.00124378, 0.56983], 
              [0.00124378, 0.0910209, 0.682051, 0.225686], 
              [0.0910209, 0.607237, 0.3005, 0.00124378], 
              [0.00124378, 0.764345, 0.233167, 0.00124378], 
              [0.00124378, 0.0236876, 0.973825, 0.00124378]
            ]
          }, {
            "db": 0,
            "id": "18_motif_1",
            "len": 16,
            "nsites": 20,
            "pwm": [
              [0.00124378, 0.304692, 0.0859264, 0.608138], 
              [0.184723, 0.00124378, 0.735163, 0.0788697], 
              [0.438772, 0.128269, 0.205895, 0.227065], 
              [0.0576995, 0.0294716, 0.911586, 0.00124378], 
              [0.0365284, 0.114154, 0.848074, 0.00124378], 
              [0.00124378, 0.00124378, 0.678707, 0.318805], 
              [0.00124378, 0.00124378, 0.996269, 0.00124378], 
              [0.00124378, 0.918643, 0.0788697, 0.00124378], 
              [0.00124378, 0.00124378, 0.0294716, 0.968041], 
              [0.0576995, 0.00124378, 0.304692, 0.636366], 
              [0.121211, 0.17061, 0.00124378, 0.706935], 
              [0.0365284, 0.142382, 0.00124378, 0.819846], 
              [0.00124378, 0.00124378, 0.128269, 0.869244], 
              [0.00124378, 0.00124378, 0.0929841, 0.904528], 
              [0.248236, 0.00124378, 0.248236, 0.502285], 
              [0.149439, 0.121211, 0.0859264, 0.643423]
            ]
          }, {
            "db": 0,
            "id": "18_motif_2",
            "len": 16,
            "nsites": 20,
            "pwm": [
              [0.00124378, 0.00124378, 0.797264, 0.200249], 
              [0.00124378, 0.0154587, 0.982054, 0.00124378], 
              [0.00124378, 0.996269, 0.00124378, 0.00124378], 
              [0.00124378, 0.200249, 0.00124378, 0.797264], 
              [0.0438876, 0.242893, 0.711976, 0.00124378], 
              [0.555615, 0.427683, 0.0154587, 0.00124378], 
              [0.00124378, 0.996269, 0.00124378, 0.00124378], 
              [0.00124378, 0.811479, 0.186034, 0.00124378], 
              [0.0438876, 0.00124378, 0.953625, 0.00124378], 
              [0.00124378, 0.00124378, 0.555615, 0.441898], 
              [0.484541, 0.00124378, 0.00124378, 0.512971], 
              [0.00124378, 0.00124378, 0.00124378, 0.996269], 
              [0.555615, 0.00124378, 0.441898, 0.00124378], 
              [0.996269, 0.00124378, 0.00124378, 0.00124378], 
              [0.257107, 0.740405, 0.00124378, 0.00124378], 
              [0.299751, 0.441898, 0.00124378, 0.257107]
            ]
          }, {
            "db": 0,
            "id": "18_motif_3",
            "len": 15,
            "nsites": 20,
            "pwm": [
              [0.48368, 0.363071, 0.152005, 0.00124378], 
              [0.031396, 0.172106, 0.795254, 0.00124378], 
              [0.00124378, 0.141954, 0.704797, 0.152005], 
              [0.00124378, 0.0112945, 0.976167, 0.0112945], 
              [0.473629, 0.302766, 0.202259, 0.0213453], 
              [0.152005, 0.373121, 0.332918, 0.141954], 
              [0.00124378, 0.00124378, 0.48368, 0.513833], 
              [0.00124378, 0.192208, 0.805304, 0.00124378], 
              [0.996269, 0.00124378, 0.00124378, 0.00124378], 
              [0.00124378, 0.49373, 0.00124378, 0.503782], 
              [0.00124378, 0.00124378, 0.996269, 0.00124378], 
              [0.131903, 0.654543, 0.212309, 0.00124378], 
