MEME version 4

ALPHABET= ACGT

strands: + -

Background letter frequencies
A 0.25 C 0.25 G 0.25 T 0.25

MOTIF 96_motif_1
letter-probability matrix: alength= 4 w= 16 nsites= 20 E= 0
0.508475 0.289439 0.202086 0.000000
0.391134 0.164276 0.435463 0.009126
0.119948 0.444589 0.435463 0.000000
0.146023 0.250326 0.603651 0.000000
0.045632 0.722295 0.232073 0.000000
0.083442 0.812256 0.104302 0.000000
0.018253 0.633638 0.329857 0.018253
0.005215 0.770535 0.224250 0.000000
0.229465 0.044329 0.691004 0.035202
0.312907 0.379400 0.185137 0.122555
0.589309 0.285528 0.121252 0.003911
0.418514 0.282920 0.289439 0.009126
0.000000 0.410691 0.589309 0.000000
0.007823 0.479791 0.512386 0.000000
0.000000 0.461538 0.538462 0.000000
0.000000 0.142112 0.857888 0.000000

MOTIF 96_motif_2
letter-probability matrix: alength= 4 w= 15 nsites= 20 E= 0
0.284224 0.007823 0.022164 0.685789
0.471969 0.033898 0.006519 0.487614
0.475880 0.109518 0.002608 0.411995
0.219035 0.134289 0.010430 0.636245
0.095176 0.281617 0.019557 0.603651
0.152542 0.285528 0.000000 0.561930
0.020860 0.955671 0.000000 0.023468
0.000000 0.024772 0.000000 0.975228
0.000000 0.979140 0.000000 0.020860
0.000000 0.958279 0.000000 0.041721
0.001304 0.002608 0.000000 0.996089
0.276402 0.000000 0.075619 0.647979
0.235984 0.032595 0.019557 0.711864
0.311604 0.071708 0.065189 0.551499
0.293351 0.003911 0.013038 0.689700

MOTIF 96_motif_3
letter-probability matrix: alength= 4 w= 15 nsites= 20 E= 0
1.000000 0.000000 0.000000 0.000000
0.798535 0.007326 0.084249 0.109890
0.003663 0.000000 0.000000 0.996337
1.000000 0.000000 0.000000 0.000000
0.000000 0.128205 0.838828 0.032967
0.531136 0.000000 0.194139 0.274725
0.139194 0.128205 0.578755 0.153846
0.087912 0.113553 0.117216 0.681319
0.842491 0.000000 0.014652 0.142857
0.080586 0.893773 0.000000 0.025641
0.000000 0.000000 0.135531 0.864469
0.992674 0.000000 0.007326 0.000000
0.000000 0.003663 0.146520 0.849817
0.000000 0.000000 0.000000 1.000000
0.967033 0.032967 0.000000 0.000000

MOTIF 20_motif_1
letter-probability matrix: alength= 4 w= 16 nsites= 20 E= 0
0.554455 0.376238 0.000000 0.069307
0.950495 0.000000 0.019802 0.029703
0.128713 0.534653 0.000000 0.336634
0.603960 0.039604 0.237624 0.118812
0.970297 0.009901 0.019802 0.000000
0.752475 0.039604 0.049505 0.158416
0.990099 0.000000 0.009901 0.000000
0.980198 0.019802 0.000000 0.000000
0.970297 0.029703 0.000000 0.000000
0.554455 0.168317 0.277228 0.000000
0.059406 0.514851 0.396040 0.029703
0.217822 0.772277 0.009901 0.000000
0.297030 0.465347 0.188119 0.049505
0.198020 0.524752 0.277228 0.000000
0.168317 0.673267 0.089109 0.069307
0.356436 0.356436 0.158416 0.128713

MOTIF 20_motif_2
letter-probability matrix: alength= 4 w= 16 nsites= 20 E= 0
0.000 0.050 0.150 0.800
0.000 0.050 0.925 0.025
0.000 0.450 0.550 0.000
0.000 0.150 0.825 0.025
0.975 0.000 0.000 0.025
0.025 0.875 0.075 0.025
0.000 0.925 0.075 0.000
0.300 0.000 0.700 0.000
0.175 0.000 0.025 0.800
0.025 0.050 0.825 0.100
0.025 0.125 0.825 0.025
0.000 0.000 0.050 0.950
0.000 0.925 0.025 0.050
0.200 0.425 0.350 0.025
0.050 0.900 0.050 0.000
0.825 0.125 0.025 0.025

MOTIF 20_motif_3
letter-probability matrix: alength= 4 w= 16 nsites= 20 E= 0
0.262411 0.000000 0.000000 0.737589
0.014184 0.000000 0.000000 0.985816
0.531915 0.014184 0.000000 0.453901
0.248227 0.000000 0.000000 0.751773
0.205674 0.070922 0.007092 0.716312
0.319149 0.042553 0.063830 0.574468
0.234043 0.262411 0.148936 0.354610
0.085106 0.255319 0.014184 0.645390
0.248227 0.198582 0.198582 0.354610
0.425532 0.148936 0.070922 0.354610
0.319149 0.234043 0.049645 0.397163
0.000000 0.099291 0.000000 0.900709
0.184397 0.035461 0.056738 0.723404
0.269504 0.000000 0.000000 0.730496
0.134752 0.000000 0.000000 0.865248
0.241135 0.007092 0.000000 0.751773

MOTIF 26_motif_1
letter-probability matrix: alength= 4 w= 16 nsites= 20 E= 0
0.189320 0.000000 0.000000 0.810680
0.378641 0.004854 0.000000 0.616505
0.359223 0.000000 0.000000 0.640777
0.097087 0.092233 0.000000 0.810680
0.160194 0.184466 0.000000 0.655340
0.208738 0.150485 0.000000 0.640777
0.199029 0.563107 0.000000 0.237864
0.067961 0.000000 0.024272 0.907767
0.228155 0.592233 0.000000 0.179612
0.305825 0.606796 0.000000 0.087379
0.014563 0.019417 0.000000 0.966019
0.242718 0.000000 0.000000 0.757282
0.233010 0.038835 0.000000 0.728155
0.412621 0.024272 0.000000 0.563107
0.286408 0.000000 0.000000 0.713592
0.422330 0.009709 0.000000 0.567961

MOTIF 26_motif_2
letter-probability matrix: alength= 4 w= 16 nsites= 20 E= 0
0.447368 0.263158 0.254386 0.035088
0.368421 0.578947 0.000000 0.052632
0.964912 0.000000 0.035088 0.000000
0.122807 0.438596 0.008772 0.429825
0.526316 0.035088 0.350877 0.087719
0.921053 0.017544 0.061404 0.000000
0.877193 0.035088 0.052632 0.035088
0.938596 0.000000 0.061404 0.000000
0.894737 0.043860 0.061404 0.000000
0.859649 0.043860 0.096491 0.000000
0.526316 0.166667 0.289474 0.017544
0.043860 0.578947 0.377193 0.000000
0.140351 0.842105 0.017544 0.000000
0.149123 0.640351 0.192982 0.017544
0.096491 0.631579 0.263158 0.008772
0.061404 0.815789 0.114035 0.008772

MOTIF 26_motif_3
letter-probability matrix: alength= 4 w= 16 nsites= 20 E= 0
0.000000 0.451456 0.548544 0.000000
0.000000 0.427184 0.466019 0.106796
0.000000 0.543689 0.354369 0.101942
0.004854 0.140777 0.820388 0.033981
0.004854 0.480583 0.461165 0.053398
0.077670 0.645631 0.097087 0.179612
0.004854 0.097087 0.888350 0.009709
0.208738 0.135922 0.533981 0.121359
0.000000 0.407767 0.262136 0.330097
0.000000 0.257282 0.723301 0.019417
0.116505 0.393204 0.092233 0.398058
0.000000 0.330097 0.466019 0.203883
0.000000 0.509709 0.480583 0.009709
0.014563 0.402913 0.354369 0.228155
0.000000 0.432039 0.456311 0.111650
0.000000 0.359223 0.640777 0.000000

MOTIF 93_motif_1
letter-probability matrix: alength= 4 w= 16 nsites= 20 E= 0
0.494609 0.300539 0.204852 0.000000
0.389488 0.169811 0.431267 0.009434
0.119946 0.454178 0.425876 0.000000
0.145553 0.239892 0.614555 0.000000
0.047170 0.731806 0.221024 0.000000
0.071429 0.820755 0.107817 0.000000
0.018868 0.626685 0.335580 0.018868
0.005391 0.764151 0.230458 0.000000
0.234501 0.045822 0.683288 0.036388
0.303235 0.384097 0.190027 0.122642
0.583558 0.285714 0.126685 0.004043
0.425876 0.287062 0.281671 0.005391
0.000000 0.398922 0.601078 0.000000
0.005391 0.475741 0.518868 0.000000
0.000000 0.467655 0.532345 0.000000
0.000000 0.130728 0.869272 0.000000

MOTIF 93_motif_2
letter-probability matrix: alength= 4 w= 15 nsites= 20 E= 0
0.292517 0.005442 0.020408 0.681633
0.474830 0.034014 0.005442 0.485714
0.482993 0.106122 0.002721 0.408163
0.221769 0.126531 0.000000 0.651701
0.093878 0.285714 0.020408 0.600000
0.155102 0.292517 0.000000 0.552381
0.020408 0.959184 0.000000 0.020408
0.000000 0.023129 0.000000 0.976871
0.000000 0.982313 0.000000 0.017687
0.000000 0.959184 0.000000 0.040816
0.001361 0.002721 0.000000 0.995918
0.273469 0.000000 0.062585 0.663946
0.243537 0.031293 0.020408 0.704762
0.315646 0.066667 0.066667 0.551020
0.297959 0.002721 0.012245 0.687075

MOTIF 93_motif_3
letter-probability matrix: alength= 4 w= 15 nsites= 20 E= 0
1.000000 0.000000 0.000000 0.000000
0.803150 0.000000 0.086614 0.110236
0.003937 0.000000 0.000000 0.996063
1.000000 0.000000 0.000000 0.000000
0.000000 0.133858 0.834646 0.031496
0.535433 0.000000 0.200787 0.263780
0.145669 0.129921 0.594488 0.129921
0.082677 0.110236 0.106299 0.700787
0.850394 0.000000 0.000000 0.149606
0.082677 0.905512 0.000000 0.011811
0.000000 0.000000 0.133858 0.866142
0.992126 0.000000 0.007874 0.000000
0.000000 0.003937 0.149606 0.846457
0.000000 0.000000 0.000000 1.000000
0.968504 0.031496 0.000000 0.000000

MOTIF 56_motif_1
letter-probability matrix: alength= 4 w= 15 nsites= 20 E= 0
0.162946 0.000000 0.0 0.837054
0.513393 0.011161 0.0 0.475446
0.370536 0.000000 0.0 0.629464
0.178571 0.049107 0.0 0.772321
0.084821 0.238839 0.0 0.676339
0.241071 0.223214 0.0 0.535714
0.098214 0.805804 0.0 0.095982
0.000000 0.002232 0.0 0.997768
0.040179 0.890625 0.0 0.069196
0.024554 0.890625 0.0 0.084821
0.006696 0.000000 0.0 0.993304
0.167411 0.000000 0.0 0.832589
0.169643 0.046875 0.0 0.783482
0.508929 0.053571 0.0 0.437500
0.263393 0.000000 0.0 0.736607

MOTIF 56_motif_2
letter-probability matrix: alength= 4 w= 15 nsites= 20 E= 0
0.566964 0.000000 0.000000 0.433036
0.484375 0.046875 0.000000 0.468750
0.569196 0.000000 0.000000 0.430804
0.424107 0.000000 0.000000 0.575893
0.861607 0.006696 0.000000 0.131696
0.247768 0.229911 0.000000 0.522321
0.861607 0.000000 0.017857 0.120536
0.026786 0.053571 0.107143 0.812500
0.683036 0.037946 0.000000 0.279018
0.868304 0.006696 0.002232 0.122768
0.183036 0.026786 0.000000 0.790179
0.946429 0.053571 0.000000 0.000000
0.741071 0.000000 0.000000 0.258929
0.875000 0.122768 0.000000 0.002232
0.854911 0.000000 0.040179 0.104911

MOTIF 56_motif_3
letter-probability matrix: alength= 4 w= 16 nsites= 20 E= 0
0.091518 0.662946 0.245536 0.000000
0.111607 0.566964 0.308036 0.013393
0.053571 0.546875 0.379464 0.020089
0.031250 0.553571 0.415179 0.000000
0.236607 0.171875 0.439732 0.151786
0.049107 0.685268 0.263393 0.002232
0.542411 0.180804 0.225446 0.051339
0.075893 0.859375 0.058036 0.006696
0.227679 0.680804 0.064732 0.026786
0.013393 0.868304 0.116071 0.002232
0.002232 0.205357 0.758929 0.033482
0.104911 0.296875 0.558036 0.040179
0.024554 0.783482 0.089286 0.102679
0.002232 0.515625 0.482143 0.000000
0.109375 0.319196 0.562500 0.008929
0.008929 0.459821 0.495536 0.035714

MOTIF 98_motif_1
letter-probability matrix: alength= 4 w= 16 nsites= 20 E= 0
0.058140 0.373385 0.551680 0.016796
0.001292 0.344961 0.634367 0.019380
0.002584 0.839793 0.149871 0.007752
0.000000 0.505168 0.494832 0.000000
0.000000 0.363049 0.627907 0.009044
0.034884 0.618863 0.255814 0.090439
0.002584 0.218346 0.319121 0.459948
0.016796 0.148579 0.259690 0.574935
0.183463 0.304910 0.229974 0.281654
0.015504 0.678295 0.180879 0.125323
0.002584 0.148579 0.837209 0.011628
0.015504 0.242894 0.625323 0.116279
0.000000 0.228682 0.686047 0.085271
0.000000 0.220930 0.688630 0.090439
0.012920 0.718346 0.149871 0.118863
0.000000 0.480620 0.484496 0.034884

MOTIF 98_motif_2
letter-probability matrix: alength= 4 w= 15 nsites= 20 E= 0
0.284404 0.007864 0.020970 0.686763
0.470511 0.034076 0.006553 0.488860
0.477064 0.108781 0.002621 0.411533
0.217562 0.133683 0.010485 0.638270
0.095675 0.283093 0.019659 0.601573
0.152031 0.287025 0.000000 0.560944
0.020970 0.955439 0.000000 0.023591
0.000000 0.023591 0.000000 0.976409
0.000000 0.979030 0.000000 0.020970
0.000000 0.958060 0.000000 0.041940
0.001311 0.002621 0.000000 0.996068
0.276540 0.000000 0.076016 0.647444
0.237221 0.031455 0.019659 0.711664
0.310616 0.070773 0.064220 0.554391
0.292267 0.003932 0.011796 0.692005

MOTIF 98_motif_3
letter-probability matrix: alength= 4 w= 15 nsites= 20 E= 0
1.000000 0.000000 0.000000 0.000000
0.798535 0.007326 0.084249 0.109890
0.003663 0.000000 0.000000 0.996337
1.000000 0.000000 0.000000 0.000000
0.000000 0.128205 0.838828 0.032967
0.531136 0.000000 0.194139 0.274725
0.139194 0.128205 0.578755 0.153846
0.087912 0.113553 0.117216 0.681319
0.842491 0.000000 0.014652 0.142857
0.080586 0.893773 0.000000 0.025641
0.000000 0.000000 0.135531 0.864469
0.992674 0.000000 0.007326 0.000000
0.000000 0.003663 0.146520 0.849817
0.000000 0.000000 0.000000 1.000000
0.967033 0.032967 0.000000 0.000000

MOTIF 6_motif_1
letter-probability matrix: alength= 4 w= 16 nsites= 20 E= 0
0.00 0.00 0.00 1.00
0.00 0.00 1.00 0.00
0.00 0.36 0.64 0.00
0.00 0.00 1.00 0.00
1.00 0.00 0.00 0.00
0.00 1.00 0.00 0.00
0.00 1.00 0.00 0.00
0.24 0.00 0.76 0.00
0.12 0.00 0.00 0.88
0.00 0.00 1.00 0.00
0.00 0.00 1.00 0.00
0.00 0.00 0.00 1.00
0.00 1.00 0.00 0.00
0.12 0.52 0.36 0.00
0.00 1.00 0.00 0.00
1.00 0.00 0.00 0.00

MOTIF 6_motif_2
letter-probability matrix: alength= 4 w= 16 nsites= 20 E= 0
0.000000 0.000000 0.829787 0.170213
0.000000 0.489362 0.297872 0.212766
0.000000 0.085106 0.659574 0.255319
0.000000 0.000000 0.914894 0.085106
0.000000 0.468085 0.510638 0.021277
0.000000 0.148936 0.085106 0.765957
0.000000 0.000000 0.000000 1.000000
0.000000 0.000000 0.021277 0.978723
0.042553 0.000000 0.000000 0.957447
0.191489 0.000000 0.000000 0.808511
0.000000 0.085106 0.000000 0.914894
0.170213 0.063830 0.000000 0.765957
0.297872 0.000000 0.404255 0.297872
0.042553 0.106383 0.000000 0.851064
0.148936 0.000000 0.574468 0.276596
0.000000 0.212766 0.382979 0.404255

MOTIF 6_motif_3
letter-probability matrix: alength= 4 w= 15 nsites= 20 E= 0
0.5625 0.0000 0.3750 0.0625
0.5625 0.0000 0.3750 0.0625
0.0000 0.8750 0.0000 0.1250
0.0000 0.0000 0.0000 1.0000
0.0000 0.0000 0.0000 1.0000
0.0000 0.0000 1.0000 0.0000
1.0000 0.0000 0.0000 0.0000
0.0000 1.0000 0.0000 0.0000
1.0000 0.0000 0.0000 0.0000
0.0000 0.9375 0.0625 0.0000
0.1250 0.8125 0.0000 0.0625
0.0000 1.0000 0.0000 0.0000
1.0000 0.0000 0.0000 0.0000
1.0000 0.0000 0.0000 0.0000
0.0000 1.0000 0.0000 0.0000

MOTIF 5_motif_1
letter-probability matrix: alength= 4 w= 16 nsites= 20 E= 0
0.000000 0.000000 0.000000 1.000000
0.000000 0.000000 1.000000 0.000000
0.000000 0.529412 0.352941 0.117647
0.000000 0.000000 1.000000 0.000000
1.000000 0.000000 0.000000 0.000000
0.000000 1.000000 0.000000 0.000000
0.000000 1.000000 0.000000 0.000000
0.882353 0.000000 0.000000 0.117647
0.000000 0.823529 0.000000 0.176471
0.000000 0.000000 1.000000 0.000000
0.000000 0.000000 1.000000 0.000000
0.000000 0.000000 0.000000 1.000000
0.000000 1.000000 0.000000 0.000000
0.000000 0.470588 0.529412 0.000000
0.000000 1.000000 0.000000 0.000000
1.000000 0.000000 0.000000 0.000000

MOTIF 5_motif_2
letter-probability matrix: alength= 4 w= 15 nsites= 20 E= 0
0.5625 0.0000 0.3750 0.0625
0.5625 0.0000 0.3750 0.0625
0.0000 0.8750 0.0000 0.1250
0.0000 0.0000 0.0000 1.0000
0.0000 0.0000 0.0000 1.0000
0.0000 0.0000 1.0000 0.0000
1.0000 0.0000 0.0000 0.0000
0.0000 1.0000 0.0000 0.0000
1.0000 0.0000 0.0000 0.0000
0.0000 0.9375 0.0625 0.0000
0.1250 0.8125 0.0000 0.0625
0.0000 1.0000 0.0000 0.0000
1.0000 0.0000 0.0000 0.0000
1.0000 0.0000 0.0000 0.0000
0.0000 1.0000 0.0000 0.0000

MOTIF 5_motif_3
letter-probability matrix: alength= 4 w= 15 nsites= 20 E= 0
0.100 0.250 0.550 0.100
0.375 0.450 0.175 0.000
0.175 0.725 0.000 0.100
0.850 0.000 0.150 0.000
0.200 0.525 0.000 0.275
0.875 0.000 0.000 0.125
1.000 0.000 0.000 0.000
0.725 0.000 0.000 0.275
0.975 0.025 0.000 0.000
0.975 0.025 0.000 0.000
0.975 0.025 0.000 0.000
0.625 0.225 0.150 0.000
0.025 0.500 0.475 0.000
0.075 0.925 0.000 0.000
0.350 0.575 0.075 0.000

MOTIF 52_motif_1
letter-probability matrix: alength= 4 w= 15 nsites= 20 E= 0
0.234300 0.004831 0.000000 0.760870
0.528986 0.016908 0.000000 0.454106
0.461353 0.007246 0.000000 0.531401
0.183575 0.086957 0.000000 0.729469
0.038647 0.318841 0.002415 0.640097
0.188406 0.236715 0.000000 0.574879
0.002415 0.978261 0.000000 0.019324
0.000000 0.002415 0.000000 0.997585
0.000000 0.987923 0.000000 0.012077
0.000000 0.971014 0.000000 0.028986
0.000000 0.002415 0.000000 0.997585
0.169082 0.000000 0.000000 0.830918
0.224638 0.033816 0.000000 0.741546
0.415459 0.065217 0.000000 0.519324
0.277778 0.000000 0.016908 0.705314

MOTIF 52_motif_2
letter-probability matrix: alength= 4 w= 16 nsites= 20 E= 0
0.380145 0.082324 0.009685 0.527845
0.612591 0.000000 0.053269 0.334140
0.462470 0.053269 0.000000 0.484262
0.682809 0.002421 0.004843 0.309927
0.428571 0.000000 0.002421 0.569007
0.786925 0.007264 0.026634 0.179177
0.254237 0.200969 0.009685 0.535109
0.927361 0.000000 0.021792 0.050847
0.021792 0.031477 0.092010 0.854722
0.523002 0.004843 0.002421 0.469734
0.886199 0.000000 0.002421 0.111380
0.188862 0.002421 0.000000 0.808717
0.995157 0.002421 0.002421 0.000000
0.777240 0.000000 0.002421 0.220339
0.801453 0.198547 0.000000 0.000000
0.903148 0.000000 0.021792 0.075061

MOTIF 52_motif_3
letter-probability matrix: alength= 4 w= 16 nsites= 20 E= 0
0.111111 0.635266 0.253623 0.000000
0.106280 0.584541 0.294686 0.014493
0.028986 0.536232 0.410628 0.024155
0.021739 0.550725 0.427536 0.000000
0.263285 0.154589 0.410628 0.171498
0.043478 0.688406 0.265700 0.002415
0.531401 0.234300 0.200483 0.033816
0.077295 0.867150 0.050725 0.004831
0.239130 0.673913 0.067633 0.019324
0.004831 0.874396 0.099034 0.021739
0.000000 0.202899 0.760870 0.036232
0.123188 0.248792 0.606280 0.021739
0.024155 0.763285 0.091787 0.120773
0.000000 0.562802 0.437198 0.000000
0.113527 0.260870 0.615942 0.009662
0.012077 0.454106 0.487923 0.045894

MOTIF 12_motif_1
letter-probability matrix: alength= 4 w= 16 nsites= 20 E= 0
0.00 0.00 0.00 1.00
0.00 0.00 1.00 0.00
0.00 0.36 0.64 0.00
0.00 0.00 1.00 0.00
1.00 0.00 0.00 0.00
0.00 1.00 0.00 0.00
0.00 1.00 0.00 0.00
0.24 0.00 0.76 0.00
0.12 0.00 0.00 0.88
0.00 0.00 1.00 0.00
0.00 0.00 1.00 0.00
0.00 0.00 0.00 1.00
0.00 1.00 0.00 0.00
0.12 0.52 0.36 0.00
0.00 1.00 0.00 0.00
1.00 0.00 0.00 0.00

MOTIF 12_motif_2
letter-probability matrix: alength= 4 w= 15 nsites= 20 E= 0
0.479167 0.468750 0.000000 0.052083
0.833333 0.000000 0.093750 0.072917
0.218750 0.541667 0.000000 0.239583
0.562500 0.114583 0.177083 0.145833
0.968750 0.010417 0.020833 0.000000
0.729167 0.020833 0.031250 0.218750
1.000000 0.000000 0.000000 0.000000
0.989583 0.010417 0.000000 0.000000
0.947917 0.052083 0.000000 0.000000
0.635417 0.208333 0.156250 0.000000
0.052083 0.437500 0.479167 0.031250
0.125000 0.854167 0.020833 0.000000
0.385417 0.458333 0.125000 0.031250
0.177083 0.447917 0.333333 0.041667
0.218750 0.729167 0.010417 0.041667

MOTIF 12_motif_3
letter-probability matrix: alength= 4 w= 15 nsites= 20 E= 0
0.708333 0.000000 0.250000 0.041667
0.708333 0.000000 0.250000 0.041667
0.000000 0.791667 0.000000 0.208333
0.000000 0.083333 0.000000 0.916667
0.041667 0.000000 0.125000 0.833333
0.000000 0.000000 0.791667 0.208333
1.000000 0.000000 0.000000 0.000000
0.083333 0.666667 0.000000 0.250000
0.958333 0.000000 0.000000 0.041667
0.000000 0.750000 0.250000 0.000000
0.083333 0.875000 0.000000 0.041667
0.000000 1.000000 0.000000 0.000000
1.000000 0.000000 0.000000 0.000000
0.708333 0.000000 0.250000 0.041667
0.000000 1.000000 0.000000 0.000000

MOTIF 55_motif_1
letter-probability matrix: alength= 4 w= 15 nsites= 20 E= 0
0.149184 0.000000 0.0 0.850816
0.489510 0.011655 0.0 0.498834
0.384615 0.000000 0.0 0.615385
0.186480 0.051282 0.0 0.762238
0.065268 0.226107 0.0 0.708625
0.228438 0.230769 0.0 0.540793
0.086247 0.815851 0.0 0.097902
0.000000 0.002331 0.0 0.997669
0.041958 0.885781 0.0 0.072261
0.025641 0.906760 0.0 0.067599
0.006993 0.000000 0.0 0.993007
0.177156 0.000000 0.0 0.822844
0.153846 0.048951 0.0 0.797203
0.515152 0.055944 0.0 0.428904
0.254079 0.000000 0.0 0.745921

MOTIF 55_motif_2
letter-probability matrix: alength= 4 w= 16 nsites= 20 E= 0
0.372727 0.102273 0.009091 0.515909
0.570455 0.000000 0.075000 0.354545
0.390909 0.050000 0.000000 0.559091
0.659091 0.002273 0.002273 0.336364
0.427273 0.000000 0.000000 0.572727
0.820455 0.000000 0.000000 0.179545
0.240909 0.211364 0.011364 0.536364
0.868182 0.006818 0.038636 0.086364
0.011364 0.052273 0.081818 0.854545
0.579545 0.004545 0.000000 0.415909
0.852273 0.006818 0.000000 0.140909
0.175000 0.004545 0.000000 0.820455
0.997727 0.002273 0.000000 0.000000
0.736364 0.000000 0.002273 0.261364
0.768182 0.231818 0.000000 0.000000
0.900000 0.000000 0.018182 0.081818

MOTIF 55_motif_3
letter-probability matrix: alength= 4 w= 16 nsites= 20 E= 0
0.100000 0.661364 0.238636 0.000000
0.106818 0.579545 0.300000 0.013636
0.050000 0.552273 0.370455 0.027273
0.031818 0.547727 0.420455 0.000000
0.245455 0.165909 0.440909 0.147727
0.045455 0.690909 0.261364 0.002273
0.552273 0.186364 0.220455 0.040909
0.081818 0.856818 0.056818 0.004545
0.225000 0.686364 0.061364 0.027273
0.011364 0.877273 0.111364 0.000000
0.002273 0.195455 0.768182 0.034091
0.111364 0.300000 0.547727 0.040909
0.025000 0.775000 0.090909 0.109091
0.002273 0.511364 0.486364 0.000000
0.113636 0.315909 0.561364 0.009091
0.006818 0.461364 0.495455 0.036364

MOTIF 76_motif_1
letter-probability matrix: alength= 4 w= 15 nsites= 20 E= 0
0.313015 0.003295 0.003295 0.680395
0.497529 0.031301 0.001647 0.469522
0.495881 0.079077 0.000000 0.425041
0.199341 0.097199 0.000000 0.703460
0.069193 0.294893 0.023064 0.612850
0.166392 0.294893 0.000000 0.538715
0.011532 0.963756 0.000000 0.024712
0.000000 0.019769 0.000000 0.980231
0.000000 0.981878 0.000000 0.018122
0.000000 0.978583 0.000000 0.021417
0.000000 0.003295 0.000000 0.996705
0.257002 0.000000 0.029654 0.713344
0.235585 0.031301 0.018122 0.714992
0.327842 0.067545 0.042834 0.561779
0.317957 0.001647 0.011532 0.668863

MOTIF 76_motif_2
letter-probability matrix: alength= 4 w= 16 nsites= 20 E= 0
0.071310 0.560531 0.368159 0.000000
0.054726 0.313433 0.631841 0.000000
0.296849 0.469320 0.230514 0.003317
0.023217 0.621891 0.353234 0.001658
0.104478 0.436153 0.459370 0.000000
0.247098 0.504146 0.222222 0.026534
0.072968 0.416252 0.429519 0.081260
0.144279 0.495854 0.308458 0.051410
0.419569 0.318408 0.126036 0.135987
0.094527 0.741294 0.164179 0.000000
0.288557 0.074627 0.636816 0.000000
0.028192 0.636816 0.333333 0.001658
0.000000 0.814262 0.185738 0.000000
0.003317 0.262023 0.734660 0.000000
0.064677 0.568823 0.366501 0.000000
0.000000 0.384743 0.615257 0.000000

MOTIF 76_motif_3
letter-probability matrix: alength= 4 w= 16 nsites= 20 E= 0
0.303333 0.000000 0.031667 0.665000
0.931667 0.000000 0.015000 0.053333
0.096667 0.110000 0.021667 0.771667
0.653333 0.028333 0.008333 0.310000
0.985000 0.000000 0.006667 0.008333
0.210000 0.061667 0.000000 0.728333
0.796667 0.000000 0.053333 0.150000
0.533333 0.005000 0.060000 0.401667
0.723333 0.076667 0.025000 0.175000
0.393333 0.021667 0.098333 0.486667
0.428333 0.033333 0.088333 0.450000
0.623333 0.000000 0.001667 0.375000
0.741667 0.035000 0.041667 0.181667
0.696667 0.003333 0.006667 0.293333
0.843333 0.140000 0.001667 0.015000
0.833333 0.000000 0.108333 0.058333

MOTIF 25_motif_1
letter-probability matrix: alength= 4 w= 16 nsites= 20 E= 0
0.205 0.000 0.000 0.795
0.390 0.005 0.005 0.600
0.350 0.000 0.000 0.650
0.105 0.085 0.000 0.810
0.140 0.190 0.000 0.670
0.185 0.175 0.000 0.640
0.195 0.595 0.000 0.210
0.060 0.000 0.025 0.915
0.205 0.620 0.000 0.175
0.290 0.620 0.000 0.090
0.015 0.020 0.000 0.965
0.220 0.000 0.000 0.780
0.245 0.040 0.000 0.715
0.405 0.020 0.000 0.575
0.290 0.000 0.000 0.710
0.410 0.010 0.000 0.580

MOTIF 25_motif_2
letter-probability matrix: alength= 4 w= 15 nsites= 20 E= 0
0.329545 0.625000 0.000000 0.045455
0.977273 0.000000 0.022727 0.000000
0.170455 0.329545 0.000000 0.500000
0.511364 0.011364 0.329545 0.147727
0.909091 0.011364 0.079545 0.000000
0.897727 0.022727 0.034091 0.045455
0.909091 0.000000 0.090909 0.000000
0.965909 0.022727 0.011364 0.000000
0.931818 0.045455 0.022727 0.000000
0.602273 0.090909 0.306818 0.000000
0.056818 0.522727 0.420455 0.000000
0.113636 0.863636 0.022727 0.000000
0.090909 0.738636 0.170455 0.000000
0.079545 0.556818 0.318182 0.045455
0.022727 0.875000 0.102273 0.000000

MOTIF 25_motif_3
letter-probability matrix: alength= 4 w= 16 nsites= 20 E= 0
0.000000 0.365079 0.634921 0.000000
0.000000 0.550265 0.380952 0.068783
0.000000 0.629630 0.291005 0.079365
0.000000 0.105820 0.857143 0.037037
0.015873 0.502646 0.460317 0.021164
0.095238 0.507937 0.158730 0.238095
0.005291 0.179894 0.761905 0.052910
0.185185 0.169312 0.460317 0.185185
0.000000 0.492063 0.269841 0.238095
0.000000 0.264550 0.714286 0.021164
0.095238 0.455026 0.074074 0.375661
0.000000 0.306878 0.402116 0.291005
0.000000 0.513228 0.481481 0.005291
0.031746 0.386243 0.470899 0.111111
0.000000 0.359788 0.550265 0.089947
0.000000 0.333333 0.666667 0.000000

MOTIF 15_motif_1
letter-probability matrix: alength= 4 w= 16 nsites= 20 E= 0
0.000000 0.000000 0.066667 0.933333
0.000000 0.000000 1.000000 0.000000
0.000000 0.366667 0.433333 0.200000
0.000000 0.033333 0.966667 0.000000
1.000000 0.000000 0.000000 0.000000
0.000000 0.933333 0.066667 0.000000
0.033333 0.933333 0.033333 0.000000
0.833333 0.033333 0.000000 0.133333
0.000000 0.766667 0.000000 0.233333
0.000000 0.066667 0.933333 0.000000
0.033333 0.000000 0.966667 0.000000
0.000000 0.000000 0.000000 1.000000
0.033333 0.900000 0.066667 0.000000
0.000000 0.633333 0.366667 0.000000
0.000000 1.000000 0.000000 0.000000
0.866667 0.066667 0.066667 0.000000

MOTIF 15_motif_2
letter-probability matrix: alength= 4 w= 15 nsites= 20 E= 0
0.445455 0.509091 0.000000 0.045455
0.872727 0.000000 0.090909 0.036364
0.272727 0.490909 0.000000 0.236364
0.527273 0.127273 0.181818 0.163636
0.972727 0.009091 0.018182 0.000000
0.690909 0.081818 0.036364 0.190909
0.945455 0.000000 0.054545 0.000000
0.963636 0.036364 0.000000 0.000000
0.936364 0.054545 0.009091 0.000000
0.609091 0.227273 0.163636 0.000000
0.036364 0.518182 0.418182 0.027273
0.109091 0.890909 0.000000 0.000000
0.372727 0.490909 0.127273 0.009091
0.145455 0.445455 0.372727 0.036364
0.209091 0.709091 0.036364 0.045455

MOTIF 15_motif_3
letter-probability matrix: alength= 4 w= 16 nsites= 20 E= 0
0.327273 0.000000 0.000000 0.672727
0.009091 0.000000 0.000000 0.990909
0.545455 0.000000 0.000000 0.454545
0.263636 0.009091 0.000000 0.727273
0.200000 0.063636 0.018182 0.718182
0.327273 0.063636 0.063636 0.545455
0.263636 0.227273 0.209091 0.300000
0.018182 0.145455 0.054545 0.781818
0.227273 0.281818 0.181818 0.309091
0.563636 0.109091 0.045455 0.281818
0.336364 0.190909 0.054545 0.418182
0.000000 0.145455 0.000000 0.854545
0.127273 0.027273 0.154545 0.690909
0.236364 0.000000 0.000000 0.763636
0.154545 0.000000 0.000000 0.845455
0.200000 0.000000 0.000000 0.800000

MOTIF 38_motif_1
letter-probability matrix: alength= 4 w= 16 nsites= 20 E= 0
0.276316 0.000000 0.000000 0.723684
0.532895 0.019737 0.000000 0.447368
0.460526 0.042763 0.000000 0.496711
0.111842 0.148026 0.000000 0.740132
0.046053 0.292763 0.000000 0.661184
0.108553 0.282895 0.000000 0.608553
0.000000 1.000000 0.000000 0.000000
0.000000 0.000000 0.000000 1.000000
0.000000 1.000000 0.000000 0.000000
0.000000 1.000000 0.000000 0.000000
0.000000 0.003289 0.000000 0.996711
0.174342 0.000000 0.000000 0.825658
0.250000 0.036184 0.003289 0.710526
0.361842 0.065789 0.003289 0.569079
0.269737 0.000000 0.000000 0.730263
0.187500 0.009868 0.016447 0.786184

MOTIF 38_motif_2
letter-probability matrix: alength= 4 w= 16 nsites= 20 E= 0
0.306931 0.000000 0.000000 0.693069
0.762376 0.046205 0.046205 0.145215
0.273927 0.000000 0.033003 0.693069
0.623762 0.000000 0.003300 0.372937
0.132013 0.359736 0.000000 0.508251
0.970297 0.000000 0.000000 0.029703
0.042904 0.039604 0.003300 0.914191
0.234323 0.000000 0.000000 0.765677
0.953795 0.003300 0.000000 0.042904
0.009901 0.000000 0.000000 0.990099
0.947195 0.000000 0.000000 0.052805
0.544554 0.000000 0.089109 0.366337
0.537954 0.458746 0.000000 0.003300
0.891089 0.000000 0.079208 0.029703
0.194719 0.036304 0.046205 0.722772
0.864686 0.029703 0.102310 0.003300

MOTIF 38_motif_3
letter-probability matrix: alength= 4 w= 16 nsites= 20 E= 0
0.000000 0.628289 0.371711 0.000000
0.000000 0.618421 0.269737 0.111842
0.000000 0.802632 0.171053 0.026316
0.000000 0.036184 0.934211 0.029605
0.052632 0.457237 0.417763 0.072368
0.052632 0.480263 0.118421 0.348684
0.013158 0.421053 0.546053 0.019737
0.082237 0.197368 0.444079 0.276316
0.009868 0.417763 0.467105 0.105263
0.065789 0.391447 0.523026 0.019737
0.026316 0.378289 0.309211 0.286184
0.000000 0.582237 0.269737 0.148026
0.000000 0.345395 0.644737 0.009868
0.023026 0.378289 0.450658 0.148026
0.000000 0.542763 0.292763 0.164474
0.000000 0.276316 0.720395 0.003289

MOTIF 54_motif_1
letter-probability matrix: alength= 4 w= 15 nsites= 20 E= 0
0.162037 0.000000 0.0 0.837963
0.502315 0.011574 0.0 0.486111
0.379630 0.000000 0.0 0.620370
0.182870 0.050926 0.0 0.766204
0.064815 0.245370 0.0 0.689815
0.243056 0.224537 0.0 0.532407
0.076389 0.828704 0.0 0.094907
0.000000 0.002315 0.0 0.997685
0.039352 0.893519 0.0 0.067130
0.023148 0.914352 0.0 0.062500
0.006944 0.000000 0.0 0.993056
0.171296 0.000000 0.0 0.828704
0.168981 0.048611 0.0 0.782407
0.504630 0.055556 0.0 0.439815
0.252315 0.000000 0.0 0.747685

MOTIF 54_motif_2
letter-probability matrix: alength= 4 w= 16 nsites= 20 E= 0
0.378190 0.104408 0.009281 0.508121
0.580046 0.000000 0.076566 0.343387
0.396752 0.051044 0.000000 0.552204
0.663573 0.000000 0.002320 0.334107
0.429234 0.000000 0.000000 0.570766
0.821346 0.000000 0.000000 0.178654
0.243619 0.211137 0.006961 0.538283
0.872390 0.000000 0.037123 0.090487
0.009281 0.053364 0.083527 0.853828
0.575406 0.004640 0.002320 0.417633
0.858469 0.006961 0.000000 0.134571
0.183295 0.004640 0.000000 0.812065
0.997680 0.002320 0.000000 0.000000
0.740139 0.000000 0.000000 0.259861
0.765661 0.234339 0.000000 0.000000
0.902552 0.000000 0.018561 0.078886

MOTIF 54_motif_3
letter-probability matrix: alength= 4 w= 16 nsites= 20 E= 0
0.109049 0.647332 0.243619 0.000000
0.102088 0.591647 0.292343 0.013921
0.044084 0.526682 0.406032 0.023202
0.027842 0.547564 0.424594 0.000000
0.232019 0.162413 0.438515 0.167053
0.044084 0.707657 0.245940 0.002320
0.526682 0.213457 0.208817 0.051044
0.074246 0.877030 0.044084 0.004640
0.232019 0.663573 0.076566 0.027842
0.009281 0.883991 0.092807 0.013921
0.000000 0.194896 0.767981 0.037123
0.122970 0.250580 0.596288 0.030162
0.020882 0.777262 0.090487 0.111369
0.002320 0.547564 0.450116 0.000000
0.109049 0.276102 0.605568 0.009281
0.011601 0.450116 0.489559 0.048724

MOTIF 18_motif_1
letter-probability matrix: alength= 4 w= 16 nsites= 20 E= 0
0.552 0.384 0.032 0.032
0.920 0.008 0.016 0.056
0.152 0.552 0.000 0.296
0.512 0.160 0.232 0.096
0.960 0.024 0.016 0.000
0.680 0.072 0.096 0.152
0.992 0.000 0.008 0.000
0.960 0.040 0.000 0.000
0.952 0.048 0.000 0.000
0.616 0.208 0.176 0.000
0.120 0.392 0.456 0.032
0.264 0.712 0.024 0.000
0.296 0.456 0.200 0.048
0.184 0.536 0.280 0.000
0.192 0.720 0.024 0.064
0.360 0.280 0.216 0.144

MOTIF 18_motif_2
letter-probability matrix: alength= 4 w= 16 nsites= 20 E= 0
0.000000 0.055556 0.111111 0.833333
0.000000 0.027778 0.972222 0.000000
0.000000 0.305556 0.472222 0.222222
0.055556 0.027778 0.916667 0.000000
0.944444 0.055556 0.000000 0.000000
0.000000 0.861111 0.111111 0.027778
0.055556 0.916667 0.027778 0.000000
0.833333 0.027778 0.000000 0.138889
0.000000 0.722222 0.000000 0.277778
0.000000 0.055556 0.944444 0.000000
0.027778 0.055556 0.888889 0.027778
0.000000 0.000000 0.000000 1.000000
0.027778 0.861111 0.111111 0.000000
0.027778 0.555556 0.416667 0.000000
0.027778 0.916667 0.055556 0.000000
0.805556 0.138889 0.055556 0.000000

MOTIF 18_motif_3
letter-probability matrix: alength= 4 w= 16 nsites= 20 E= 0
0.293706 0.000000 0.000000 0.706294
0.013986 0.000000 0.000000 0.986014
0.545455 0.000000 0.000000 0.454545
0.258741 0.013986 0.000000 0.727273
0.209790 0.076923 0.006993 0.706294
0.328671 0.041958 0.041958 0.587413
0.258741 0.265734 0.146853 0.328671
0.118881 0.188811 0.034965 0.657343
0.223776 0.251748 0.181818 0.342657
0.461538 0.146853 0.062937 0.328671
0.349650 0.209790 0.055944 0.384615
0.000000 0.111888 0.000000 0.888112
0.209790 0.034965 0.076923 0.678322
0.272727 0.000000 0.000000 0.727273
0.139860 0.000000 0.000000 0.860140
0.209790 0.006993 0.000000 0.783217

MOTIF 74_motif_1
letter-probability matrix: alength= 4 w= 15 nsites= 20 E= 0
0.475465 0.059222 0.000000 0.465313
0.477157 0.098139 0.000000 0.424704
0.181049 0.081218 0.000000 0.737733
0.089679 0.296108 0.023689 0.590525
0.169205 0.253807 0.001692 0.575296
0.000000 0.969543 0.000000 0.030457
0.000000 0.023689 0.000000 0.976311
0.000000 1.000000 0.000000 0.000000
0.000000 0.976311 0.000000 0.023689
0.000000 0.000000 0.000000 1.000000
0.238579 0.000000 0.005076 0.756345
0.248731 0.021997 0.028765 0.700508
0.360406 0.081218 0.032149 0.526227
0.323181 0.001692 0.001692 0.673435
0.333333 0.042301 0.040609 0.583756

MOTIF 74_motif_2
letter-probability matrix: alength= 4 w= 15 nsites= 20 E= 0
0.000000 0.797274 0.202726 0.000000
0.000000 0.502555 0.490630 0.006814
0.000000 0.599659 0.385009 0.015332
0.000000 0.255537 0.734242 0.010221
0.001704 0.327087 0.669506 0.001704
0.000000 0.516184 0.071550 0.412266
0.005111 0.134583 0.678024 0.182283
0.153322 0.216354 0.366269 0.264055
0.000000 0.434412 0.398637 0.166951
0.008518 0.458262 0.524702 0.008518
0.020443 0.202726 0.536627 0.240204
0.000000 0.294719 0.630324 0.074957
0.010221 0.310051 0.647359 0.032368
0.001704 0.453152 0.260647 0.284497
0.000000 0.558773 0.431005 0.010221

MOTIF 74_motif_3
letter-probability matrix: alength= 4 w= 16 nsites= 20 E= 0
0.870748 0.000000 0.000000 0.129252
0.295918 0.076531 0.011905 0.615646
0.862245 0.000000 0.027211 0.110544
0.489796 0.040816 0.052721 0.416667
0.319728 0.042517 0.000000 0.637755
0.874150 0.000000 0.040816 0.085034
0.277211 0.052721 0.017007 0.653061
0.799320 0.000000 0.023810 0.176871
0.265306 0.042517 0.153061 0.539116
0.554422 0.085034 0.001701 0.358844
0.500000 0.056122 0.011905 0.431973
0.646259 0.000000 0.003401 0.350340
0.799320 0.000000 0.042517 0.158163
0.818027 0.086735 0.079932 0.015306
0.829932 0.010204 0.049320 0.110544
0.998299 0.000000 0.001701 0.000000

MOTIF 69_motif_1
letter-probability matrix: alength= 4 w= 15 nsites= 20 E= 0
0.483696 0.063406 0.000000 0.452899
0.471014 0.101449 0.000000 0.427536
0.177536 0.085145 0.000000 0.737319
0.088768 0.268116 0.025362 0.617754
0.137681 0.266304 0.001812 0.594203
0.000000 0.985507 0.000000 0.014493
0.000000 0.023551 0.000000 0.976449
0.000000 1.000000 0.000000 0.000000
0.000000 0.978261 0.000000 0.021739
0.000000 0.000000 0.000000 1.000000
0.226449 0.000000 0.005435 0.768116
0.259058 0.023551 0.030797 0.686594
0.367754 0.077899 0.032609 0.521739
0.333333 0.001812 0.001812 0.663043
0.331522 0.023551 0.034420 0.610507

MOTIF 69_motif_2
letter-probability matrix: alength= 4 w= 15 nsites= 20 E= 0
0.000000 0.858696 0.141304 0.000000
0.000000 0.460145 0.512681 0.027174
0.000000 0.615942 0.373188 0.010870
0.000000 0.126812 0.865942 0.007246
0.001812 0.284420 0.706522 0.007246
0.000000 0.568841 0.048913 0.382246
0.001812 0.204710 0.713768 0.079710
0.121377 0.275362 0.375000 0.228261
0.000000 0.324275 0.487319 0.188406
0.023551 0.467391 0.485507 0.023551
0.027174 0.306159 0.387681 0.278986
0.000000 0.405797 0.543478 0.050725
0.032609 0.329710 0.619565 0.018116
0.001812 0.371377 0.306159 0.320652
0.000000 0.503623 0.476449 0.019928

MOTIF 69_motif_3
letter-probability matrix: alength= 4 w= 16 nsites= 20 E= 0
0.323944 0.471831 0.049296 0.154930
0.605634 0.352113 0.021127 0.021127
0.000000 0.683099 0.316901 0.000000
0.267606 0.105634 0.612676 0.014085
0.176056 0.161972 0.654930 0.007042
0.000000 0.000000 0.000000 1.000000
0.000000 0.042254 0.000000 0.957746
0.154930 0.000000 0.845070 0.000000
0.880282 0.000000 0.119718 0.000000
0.000000 0.838028 0.000000 0.161972
0.007042 0.000000 0.992958 0.000000
0.007042 0.112676 0.000000 0.880282
0.000000 0.971831 0.000000 0.028169
0.971831 0.000000 0.028169 0.000000
0.887324 0.000000 0.000000 0.112676
0.021127 0.633803 0.211268 0.133803

MOTIF 99_motif_1
letter-probability matrix: alength= 4 w= 16 nsites= 20 E= 0
0.058140 0.373385 0.551680 0.016796
0.001292 0.344961 0.634367 0.019380
0.002584 0.839793 0.149871 0.007752
0.000000 0.505168 0.494832 0.000000
0.000000 0.363049 0.627907 0.009044
0.034884 0.618863 0.255814 0.090439
0.002584 0.218346 0.319121 0.459948
0.016796 0.148579 0.259690 0.574935
0.183463 0.304910 0.229974 0.281654
0.015504 0.678295 0.180879 0.125323
0.002584 0.148579 0.837209 0.011628
0.015504 0.242894 0.625323 0.116279
0.000000 0.228682 0.686047 0.085271
0.000000 0.220930 0.688630 0.090439
0.012920 0.718346 0.149871 0.118863
0.000000 0.480620 0.484496 0.034884

MOTIF 99_motif_2
letter-probability matrix: alength= 4 w= 15 nsites= 20 E= 0
0.284404 0.006553 0.020970 0.688073
0.470511 0.034076 0.006553 0.488860
0.477064 0.108781 0.002621 0.411533
0.217562 0.133683 0.010485 0.638270
0.094364 0.284404 0.019659 0.601573
0.150721 0.287025 0.000000 0.562254
0.020970 0.954128 0.000000 0.024902
0.000000 0.023591 0.000000 0.976409
0.000000 0.979030 0.000000 0.020970
0.000000 0.956750 0.000000 0.043250
0.001311 0.002621 0.000000 0.996068
0.276540 0.000000 0.076016 0.647444
0.237221 0.031455 0.019659 0.711664
0.310616 0.070773 0.064220 0.554391
0.292267 0.003932 0.011796 0.692005

MOTIF 99_motif_3
letter-probability matrix: alength= 4 w= 15 nsites= 20 E= 0
1.000000 0.000000 0.000000 0.000000
0.798535 0.007326 0.084249 0.109890
0.003663 0.000000 0.000000 0.996337
1.000000 0.000000 0.000000 0.000000
0.000000 0.128205 0.838828 0.032967
0.531136 0.000000 0.194139 0.274725
0.139194 0.128205 0.578755 0.153846
0.087912 0.113553 0.117216 0.681319
0.842491 0.000000 0.014652 0.142857
0.080586 0.893773 0.000000 0.025641
0.000000 0.000000 0.135531 0.864469
0.992674 0.000000 0.007326 0.000000
0.000000 0.003663 0.146520 0.849817
0.000000 0.000000 0.000000 1.000000
0.967033 0.032967 0.000000 0.000000

MOTIF 86_motif_1
letter-probability matrix: alength= 4 w= 15 nsites= 20 E= 0
0.304665 0.004373 0.004373 0.686589
0.486880 0.034985 0.002915 0.475219
0.485423 0.109329 0.001458 0.403790
0.221574 0.122449 0.000000 0.655977
0.096210 0.287172 0.021866 0.594752
0.157434 0.294461 0.000000 0.548105
0.020408 0.962099 0.000000 0.017493
0.000000 0.017493 0.000000 0.982507
0.000000 0.981050 0.000000 0.018950
0.000000 0.966472 0.000000 0.033528
0.000000 0.002915 0.000000 0.997085
0.260933 0.000000 0.055394 0.683673
0.250729 0.029155 0.021866 0.698251
0.310496 0.067055 0.056851 0.565598
0.304665 0.001458 0.011662 0.682216

MOTIF 86_motif_2
letter-probability matrix: alength= 4 w= 16 nsites= 20 E= 0
0.014641 0.475842 0.502196 0.007321
0.002928 0.292826 0.699854 0.004392
0.008785 0.732064 0.244510 0.014641
0.000000 0.510981 0.480234 0.008785
0.000000 0.314788 0.645681 0.039531
0.029283 0.563690 0.267936 0.139092
0.004392 0.168375 0.409956 0.417277
0.042460 0.194729 0.272328 0.490483
0.152269 0.393851 0.210835 0.243045
0.014641 0.655930 0.251830 0.077599
0.001464 0.117130 0.871157 0.010249
0.017570 0.229868 0.628111 0.124451
0.000000 0.257687 0.587116 0.155198
0.000000 0.183016 0.736457 0.080527
0.019034 0.686676 0.124451 0.169839
0.000000 0.515373 0.461201 0.023426

MOTIF 86_motif_3
letter-probability matrix: alength= 4 w= 16 nsites= 20 E= 0
0.835556 0.000000 0.000000 0.164444
0.395556 0.063704 0.001481 0.539259
0.927407 0.000000 0.001481 0.071111
0.445926 0.133333 0.077037 0.343704
0.211852 0.029630 0.000000 0.758519
0.845926 0.000000 0.050370 0.103704
0.257778 0.026667 0.001481 0.714074
0.720000 0.000000 0.019259 0.260741
0.379259 0.029630 0.142222 0.448889
0.453333 0.112593 0.002963 0.431111
0.568889 0.134815 0.002963 0.293333
0.632593 0.000000 0.002963 0.364444
0.826667 0.000000 0.080000 0.093333
0.779259 0.077037 0.121481 0.022222
0.838519 0.035556 0.025185 0.100741
0.998519 0.000000 0.001481 0.000000

MOTIF 50_motif_1
letter-probability matrix: alength= 4 w= 15 nsites= 20 E= 0
0.2250 0.0050 0.0000 0.7700
0.5475 0.0175 0.0000 0.4350
0.4800 0.0075 0.0000 0.5125
0.1825 0.0875 0.0000 0.7300
0.0325 0.2950 0.0000 0.6725
0.1800 0.2350 0.0000 0.5850
0.0000 0.9925 0.0000 0.0075
0.0000 0.0025 0.0000 0.9975
0.0000 0.9975 0.0000 0.0025
0.0000 0.9975 0.0000 0.0025
0.0000 0.0025 0.0000 0.9975
0.1700 0.0000 0.0000 0.8300
0.2250 0.0350 0.0025 0.7375
0.3950 0.0650 0.0225 0.5175
0.3000 0.0000 0.0175 0.6825

MOTIF 50_motif_2
letter-probability matrix: alength= 4 w= 16 nsites= 20 E= 0
0.2825 0.0000 0.0300 0.6875
0.9775 0.0000 0.0000 0.0225
0.0775 0.0925 0.0000 0.8300
0.7250 0.0000 0.0000 0.2750
0.9850 0.0000 0.0000 0.0150
0.1150 0.0475 0.0000 0.8375
0.7300 0.0000 0.0925 0.1775
0.4850 0.0000 0.0400 0.4750
0.8225 0.0775 0.0125 0.0875
0.3325 0.0250 0.0650 0.5775
0.2925 0.0500 0.0750 0.5825
0.5850 0.0000 0.0000 0.4150
0.8350 0.0425 0.0075 0.1150
0.7650 0.0050 0.0100 0.2200
0.7575 0.2050 0.0275 0.0100
0.8400 0.0000 0.0750 0.0850

MOTIF 50_motif_3
letter-probability matrix: alength= 4 w= 16 nsites= 20 E= 0
0.1050 0.6450 0.2500 0.0000
0.1050 0.5800 0.3000 0.0150
0.0550 0.5375 0.3650 0.0425
0.0150 0.5625 0.4225 0.0000
0.2425 0.1350 0.4650 0.1575
0.0725 0.6875 0.2350 0.0050
0.5100 0.2475 0.2025 0.0400
0.0975 0.8450 0.0525 0.0050
0.2350 0.6750 0.0650 0.0250
