<!DOCTYPE HTML>
<html>
  <head>
    <meta charset="UTF-8">
    <title>Tomtom Results</title>
    <script>
      // @JSON_VAR data
      var data = {
        "program": "Tomtom",
        "version": "5.5.4",
        "release": "Fri Jun 16 12:19:08 2023 -0700",
        "cmd": [
          "tomtom", "-dist", "ed", "-min-overlap", "8", "-thresh", "1e-10",
          "-oc",
          "/home/hanzequan/test_bectiral/operator_recongize/picture_10_phage_tfbs/EvoMega/scripts/output/NC_005857/motif_meme/fimo_results/tomtom_results.tsv",
          "-verbosity", "1",
          "/home/hanzequan/test_bectiral/operator_recongize/picture_10_phage_tfbs/EvoMega/scripts/output/NC_005857/motif_meme/fimo_results/tomtom_results.tsv/combined_motifs.meme",
          "/home/hanzequan/test_bectiral/operator_recongize/picture_10_phage_tfbs/EvoMega/scripts/output/NC_005857/motif_meme/fimo_results/tomtom_results.tsv/combined_motifs.meme"
        ],
        "options": {
          "strands": "both",
          "distance_measure": "ed",
          "threshold_type": "qvalue",
          "threshold_value": 1e-10,
          "background_source": "--query--"
        },
        "alphabet": {
          "name": "DNA",
          "like": "dna",
          "ncore": 4,
          "symbols": [
            {
              "symbol": "A",
              "name": "Adenine",
              "colour": "CC0000",
              "complement": "T"
            }, {
              "symbol": "C",
              "name": "Cytosine",
              "colour": "0000CC",
              "complement": "G"
            }, {
              "symbol": "G",
              "name": "Guanine",
              "colour": "FFB300",
              "complement": "C"
            }, {
              "symbol": "T",
              "aliases": "U",
              "name": "Thymine",
              "colour": "008000",
              "complement": "A"
            }, {
              "symbol": "N",
              "aliases": "X.",
              "name": "Any base",
              "equals": "ACGT"
            }, {
              "symbol": "V",
              "name": "Not T",
              "equals": "ACG"
            }, {
              "symbol": "H",
              "name": "Not G",
              "equals": "ACT"
            }, {
              "symbol": "D",
              "name": "Not C",
              "equals": "AGT"
            }, {
              "symbol": "B",
              "name": "Not A",
              "equals": "CGT"
            }, {
              "symbol": "M",
              "name": "Amino",
              "equals": "AC"
            }, {
              "symbol": "R",
              "name": "Purine",
              "equals": "AG"
            }, {
              "symbol": "W",
              "name": "Weak",
              "equals": "AT"
            }, {
              "symbol": "S",
              "name": "Strong",
              "equals": "CG"
            }, {
              "symbol": "Y",
              "name": "Pyrimidine",
              "equals": "CT"
            }, {
              "symbol": "K",
              "name": "Keto",
              "equals": "GT"
            }
          ]
        },
        "background": [0.25, 0.25, 0.25, 0.25],
        "query_dbs": [
          {
            "source": "/home/hanzequan/test_bectiral/operator_recongize/picture_10_phage_tfbs/EvoMega/scripts/output/NC_005857/motif_meme/fimo_results/tomtom_results.tsv/combined_motifs.meme",
            "name": "combined_motifs",
            "loaded": 303,
            "excluded": 0,
            "last_modified": "Thu Dec 19 21:13:07 2024"
          }
        ],
        "target_dbs": [
          {
            "source": "/home/hanzequan/test_bectiral/operator_recongize/picture_10_phage_tfbs/EvoMega/scripts/output/NC_005857/motif_meme/fimo_results/tomtom_results.tsv/combined_motifs.meme",
            "name": "combined_motifs",
            "loaded": 303,
            "excluded": 0,
            "last_modified": "Thu Dec 19 21:13:07 2024"
          }
        ],
        "queries": [
          {
            "db": 0,
            "id": "100_motif_1",
            "len": 16,
            "nsites": 20,
            "pwm": [
              [0.0590945, 0.372771, 0.550179, 0.0179562], 
              [0.00252935, 0.344489, 0.632455, 0.0205274], 
              [0.00381493, 0.836859, 0.150369, 0.00895721], 
              [0.00124378, 0.503899, 0.493614, 0.00124378], 
              [0.00124378, 0.362487, 0.626027, 0.0102428], 
              [0.0359542, 0.617028, 0.255785, 0.0912328], 
              [0.00381493, 0.218503, 0.318777, 0.458903], 
              [0.0179562, 0.149084, 0.259642, 0.573318], 
              [0.183794, 0.304637, 0.230074, 0.281497], 
              [0.0166706, 0.676164, 0.181223, 0.125943], 
              [0.00381493, 0.149084, 0.834288, 0.0128139], 
              [0.0166706, 0.242929, 0.623456, 0.116944], 
              [0.00124378, 0.228788, 0.683878, 0.0860905], 
              [0.00124378, 0.221075, 0.686448, 0.0912328], 
              [0.0140995, 0.716016, 0.150369, 0.119515], 
              [0.00124378, 0.479473, 0.483329, 0.0359542]
            ]
          }, {
            "db": 0,
            "id": "100_motif_2",
            "len": 15,
            "nsites": 20,
            "pwm": [
              [0.273632, 0.00870647, 0.0236318, 0.69403], 
              [0.487562, 0.0348259, 0.00746269, 0.470149], 
              [0.468905, 0.129353, 0.00373134, 0.39801], 
              [0.235075, 0.141791, 0.011194, 0.61194], 
              [0.0957711, 0.294776, 0.0199005, 0.589552], 
              [0.15796, 0.289801, 0.00124378, 0.550995], 
              [0.0211443, 0.936567, 0.00124378, 0.0410448], 
              [0.00124378, 0.0335821, 0.00124378, 0.96393], 
              [0.00124378, 0.975124, 0.00124378, 0.0223881], 
              [0.00124378, 0.952736, 0.00124378, 0.0447761], 
              [0.00248756, 0.00373134, 0.00124378, 0.992537], 
              [0.291045, 0.00124378, 0.0833333, 0.624378], 
              [0.2301, 0.0323383, 0.0199005, 0.717662], 
              [0.313433, 0.079602, 0.0621891, 0.544776], 
              [0.284826, 0.00497512, 0.0124378, 0.697761]
            ]
          }, {
            "db": 0,
            "id": "100_motif_3",
            "len": 15,
            "nsites": 20,
            "pwm": [
              [0.996269, 0.00124378, 0.00124378, 0.00124378], 
              [0.780481, 0.11713, 0.0731731, 0.0292159], 
              [0.00923582, 0.00124378, 0.00124378, 0.988277], 
              [0.860402, 0.13711, 0.00124378, 0.00124378], 
              [0.0052398, 0.00124378, 0.984281, 0.00923582], 
              [0.173076, 0.00124378, 0.109138, 0.716543], 
              [0.740519, 0.229021, 0.0292159, 0.00124378], 
              [0.201048, 0.700558, 0.00124378, 0.0971502], 
              [0.456797, 0.0851612, 0.00124378, 0.456797], 
              [0.125122, 0.752507, 0.0931532, 0.0292159], 
              [0.00124378, 0.00124378, 0.00124378, 0.996269], 
              [0.996269, 0.00124378, 0.00124378, 0.00124378], 
              [0.129118, 0.00124378, 0.00124378, 0.868394], 
              [0.00124378, 0.00124378, 0.00124378, 0.996269], 
              [0.996269, 0.00124378, 0.00124378, 0.00124378]
            ]
          }, {
            "db": 0,
            "id": "101_motif_1",
            "len": 16,
            "nsites": 20,
            "pwm": [
              [0.0578915, 0.370684, 0.554172, 0.0172527], 
              [0.00247562, 0.352212, 0.625597, 0.0197154], 
              [0.00616915, 0.831252, 0.153945, 0.00863284], 
              [0.00124378, 0.507376, 0.490136, 0.00124378], 
              [0.00124378, 0.357137, 0.623134, 0.0184846], 
              [0.0357244, 0.613283, 0.259852, 0.0911413], 
              [0.00370647, 0.219213, 0.318962, 0.458117], 
              [0.0221791, 0.155177, 0.256157, 0.566487], 
              [0.185964, 0.299259, 0.233991, 0.280787], 
              [0.0160209, 0.671161, 0.184732, 0.128085], 
              [0.00493831, 0.153945, 0.827558, 0.0135582], 
              [0.0160209, 0.246305, 0.614514, 0.123159], 
              [0.00124378, 0.222907, 0.682245, 0.093604], 
              [0.00124378, 0.215519, 0.690865, 0.0923721], 
              [0.0135582, 0.715495, 0.147788, 0.123159], 
              [0.00124378, 0.475358, 0.48521, 0.0381881]
            ]
          }, {
            "db": 0,
            "id": "101_motif_2",
            "len": 15,
            "nsites": 20,
            "pwm": [
              [0.272166, 0.00863284, 0.02341, 0.695791], 
              [0.490136, 0.0344935, 0.007401, 0.467969], 
              [0.466738, 0.129316, 0.00370647, 0.400239], 
              [0.238916, 0.140399, 0.0110955, 0.609588], 
              [0.0985294, 0.294332, 0.0197154, 0.587422], 
              [0.161334, 0.289407, 0.00124378, 0.548015], 
              [0.0221791, 0.931001, 0.00124378, 0.0455761], 
              [0.00124378, 0.0357244, 0.00124378, 0.961788], 
              [0.00124378, 0.974102, 0.00124378, 0.02341], 
              [0.00124378, 0.953167, 0.00124378, 0.0443453], 
              [0.00247562, 0.00370647, 0.00124378, 0.992574], 
              [0.296796, 0.00124378, 0.0825204, 0.61944], 
              [0.229065, 0.0320308, 0.0197154, 0.719189], 
              [0.314036, 0.0788259, 0.0615861, 0.545552], 
              [0.284481, 0.00493831, 0.0123274, 0.698254]
            ]
          }, {
            "db": 0,
            "id": "101_motif_3",
            "len": 15,
            "nsites": 20,
            "pwm": [
              [0.996269, 0.00124378, 0.00124378, 0.00124378], 
              [0.780481, 0.11713, 0.0731731, 0.0292159], 
              [0.00923582, 0.00124378, 0.00124378, 0.988277], 
              [0.860402, 0.13711, 0.00124378, 0.00124378], 
              [0.0052398, 0.00124378, 0.984281, 0.00923582], 
              [0.173076, 0.00124378, 0.109138, 0.716543], 
              [0.740519, 0.229021, 0.0292159, 0.00124378], 
              [0.201048, 0.700558, 0.00124378, 0.0971502], 
              [0.456797, 0.0851612, 0.00124378, 0.456797], 
              [0.125122, 0.752507, 0.0931532, 0.0292159], 
              [0.00124378, 0.00124378, 0.00124378, 0.996269], 
              [0.996269, 0.00124378, 0.00124378, 0.00124378], 
              [0.129118, 0.00124378, 0.00124378, 0.868394], 
              [0.00124378, 0.00124378, 0.00124378, 0.996269], 
              [0.996269, 0.00124378, 0.00124378, 0.00124378]
            ]
          }, {
            "db": 0,
            "id": "10_motif_1",
            "len": 16,
            "nsites": 20,
            "pwm": [
              [0.00124378, 0.00124378, 0.00124378, 0.996269], 
              [0.00124378, 0.00124378, 0.996269, 0.00124378], 
              [0.00124378, 0.359453, 0.63806, 0.00124378], 
              [0.00124378, 0.00124378, 0.996269, 0.00124378], 
              [0.996269, 0.00124378, 0.00124378, 0.00124378], 
              [0.00124378, 0.996269, 0.00124378, 0.00124378], 
              [0.00124378, 0.996269, 0.00124378, 0.00124378], 
              [0.24005, 0.00124378, 0.757463, 0.00124378], 
              [0.120647, 0.00124378, 0.00124378, 0.876866], 
              [0.00124378, 0.00124378, 0.996269, 0.00124378], 
              [0.00124378, 0.00124378, 0.996269, 0.00124378], 
              [0.00124378, 0.00124378, 0.00124378, 0.996269], 
              [0.00124378, 0.996269, 0.00124378, 0.00124378], 
              [0.120647, 0.518657, 0.359453, 0.00124378], 
              [0.00124378, 0.996269, 0.00124378, 0.00124378], 
              [0.996269, 0.00124378, 0.00124378, 0.00124378]
            ]
          }, {
            "db": 0,
            "id": "10_motif_2",
            "len": 16,
            "nsites": 20,
            "pwm": [
              [0.467268, 0.303529, 0.227958, 0.00124378], 
              [0.404292, 0.479864, 0.00124378, 0.114601], 
              [0.80734, 0.0138388, 0.0768149, 0.102006], 
              [0.290934, 0.479864, 0.00124378, 0.227958], 
              [0.681387, 0.102006, 0.0768149, 0.139792], 
              [0.870316, 0.0390299, 0.0768149, 0.0138388], 
              [0.769554, 0.00124378, 0.00124378, 0.227958], 
              [0.882911, 0.0264338, 0.0138388, 0.0768149], 
              [0.958483, 0.0390299, 0.00124378, 0.00124378], 
              [0.996269, 0.00124378, 0.00124378, 0.00124378], 
              [0.83253, 0.0768149, 0.0894109, 0.00124378], 
              [0.0894109, 0.32872, 0.555435, 0.0264338], 
              [0.0768149, 0.920698, 0.00124378, 0.00124378], 
              [0.303529, 0.605816, 0.0894109, 0.00124378], 
              [0.240553, 0.35391, 0.366506, 0.0390299], 
              [0.227958, 0.769554, 0.00124378, 0.00124378]
            ]
          }, {
            "db": 0,
            "id": "10_motif_3",
            "len": 15,
            "nsites": 20,
            "pwm": [
              [0.00124378, 0.00124378, 0.996269, 0.00124378], 
              [0.00124378, 0.200249, 0.00124378, 0.797264], 
              [0.00124378, 0.00124378, 0.00124378, 0.996269], 
              [0.00124378, 0.00124378, 0.996269, 0.00124378], 
              [0.00124378, 0.00124378, 0.896766, 0.100746], 
              [0.00124378, 0.150498, 0.847015, 0.00124378], 
              [0.050995, 0.00124378, 0.00124378, 0.946517], 
              [0.25, 0.00124378, 0.747512, 0.00124378], 
              [0.00124378, 0.00124378, 0.00124378, 0.996269], 
              [0.150498, 0.847015, 0.00124378, 0.00124378], 
              [0.946517, 0.00124378, 0.00124378, 0.050995], 
              [0.946517, 0.00124378, 0.050995, 0.00124378], 
              [0.25, 0.00124378, 0.747512, 0.00124378], 
              [0.050995, 0.25, 0.00124378, 0.697761], 
              [0.050995, 0.25, 0.00124378, 0.697761]
            ]
          }, {
            "db": 0,
            "id": "11_motif_1",
            "len": 16,
            "nsites": 20,
            "pwm": [
              [0.00124378, 0.00124378, 0.00124378, 0.996269], 
              [0.00124378, 0.00124378, 0.996269, 0.00124378], 
              [0.00124378, 0.359453, 0.63806, 0.00124378], 
              [0.00124378, 0.00124378, 0.996269, 0.00124378], 
              [0.996269, 0.00124378, 0.00124378, 0.00124378], 
              [0.00124378, 0.996269, 0.00124378, 0.00124378], 
              [0.00124378, 0.996269, 0.00124378, 0.00124378], 
              [0.24005, 0.00124378, 0.757463, 0.00124378], 
              [0.120647, 0.00124378, 0.00124378, 0.876866], 
              [0.00124378, 0.00124378, 0.996269, 0.00124378], 
              [0.00124378, 0.00124378, 0.996269, 0.00124378], 
              [0.00124378, 0.00124378, 0.00124378, 0.996269], 
              [0.00124378, 0.996269, 0.00124378, 0.00124378], 
              [0.120647, 0.518657, 0.359453, 0.00124378], 
              [0.00124378, 0.996269, 0.00124378, 0.00124378], 
              [0.996269, 0.00124378, 0.00124378, 0.00124378]
            ]
          }, {
            "db": 0,
            "id": "11_motif_2",
            "len": 15,
            "nsites": 20,
            "pwm": [
              [0.476142, 0.464835, 0.00124378, 0.0577791], 
              [0.804048, 0.00124378, 0.0917005, 0.103008], 
              [0.227386, 0.532678, 0.00124378, 0.238693], 
              [0.60052, 0.125622, 0.114314, 0.159543], 
              [0.962347, 0.0125512, 0.0238577, 0.00124378], 
              [0.736205, 0.00124378, 0.0125512, 0.25], 
              [0.95104, 0.0351652, 0.00124378, 0.0125512], 
              [0.984961, 0.0125512, 0.00124378, 0.00124378], 
              [0.973655, 0.0238577, 0.00124378, 0.00124378], 
              [0.67967, 0.204771, 0.114314, 0.00124378], 
              [0.0464726, 0.4083, 0.52137, 0.0238577], 
              [0.114314, 0.883198, 0.00124378, 0.00124378], 
              [0.385686, 0.442221, 0.136929, 0.0351652], 
              [0.170851, 0.430913, 0.363071, 0.0351652], 
              [0.238693, 0.713591, 0.00124378, 0.0464726]
            ]
          }, {
            "db": 0,
            "id": "11_motif_3",
            "len": 15,
            "nsites": 20,
            "pwm": [
              [0.67967, 0.00124378, 0.272614, 0.0464726], 
              [0.67967, 0.00124378, 0.272614, 0.0464726], 
              [0.00124378, 0.770126, 0.00124378, 0.227386], 
              [0.00124378, 0.0917005, 0.00124378, 0.905812], 
              [0.0464726, 0.00124378, 0.0464726, 0.905812], 
              [0.00124378, 0.00124378, 0.860583, 0.136929], 
              [0.996269, 0.00124378, 0.00124378, 0.00124378], 
              [0.00124378, 0.724899, 0.00124378, 0.272614], 
              [0.95104, 0.00124378, 0.00124378, 0.0464726], 
              [0.00124378, 0.815355, 0.182157, 0.00124378], 
              [0.0917005, 0.860583, 0.00124378, 0.0464726], 
              [0.00124378, 0.996269, 0.00124378, 0.00124378], 
              [0.996269, 0.00124378, 0.00124378, 0.00124378], 
              [0.770126, 0.00124378, 0.182157, 0.0464726], 
              [0.00124378, 0.996269, 0.00124378, 0.00124378]
            ]
          }, {
            "db": 0,
            "id": "12_motif_1",
            "len": 16,
            "nsites": 20,
            "pwm": [
              [0.00124378, 0.00124378, 0.00124378, 0.996269], 
              [0.00124378, 0.00124378, 0.996269, 0.00124378], 
              [0.00124378, 0.359453, 0.63806, 0.00124378], 
              [0.00124378, 0.00124378, 0.996269, 0.00124378], 
              [0.996269, 0.00124378, 0.00124378, 0.00124378], 
              [0.00124378, 0.996269, 0.00124378, 0.00124378], 
              [0.00124378, 0.996269, 0.00124378, 0.00124378], 
              [0.24005, 0.00124378, 0.757463, 0.00124378], 
              [0.120647, 0.00124378, 0.00124378, 0.876866], 
              [0.00124378, 0.00124378, 0.996269, 0.00124378], 
              [0.00124378, 0.00124378, 0.996269, 0.00124378], 
              [0.00124378, 0.00124378, 0.00124378, 0.996269], 
              [0.00124378, 0.996269, 0.00124378, 0.00124378], 
              [0.120647, 0.518657, 0.359453, 0.00124378], 
              [0.00124378, 0.996269, 0.00124378, 0.00124378], 
              [0.996269, 0.00124378, 0.00124378, 0.00124378]
            ]
          }, {
            "db": 0,
            "id": "12_motif_2",
            "len": 15,
            "nsites": 20,
            "pwm": [
              [0.478027, 0.467662, 0.00124378, 0.0530677], 
              [0.830431, 0.00124378, 0.0945274, 0.073798], 
              [0.218905, 0.540216, 0.00124378, 0.239635], 
              [0.560945, 0.115257, 0.177446, 0.146351], 
              [0.965174, 0.011609, 0.0219731, 0.00124378], 
              [0.726783, 0.0219731, 0.0323383, 0.218905], 
              [0.996269, 0.00124378, 0.00124378, 0.00124378], 
              [0.985903, 0.011609, 0.00124378, 0.00124378], 
              [0.944445, 0.0530677, 0.00124378, 0.00124378], 
              [0.6335, 0.20854, 0.156716, 0.00124378], 
              [0.0530677, 0.436567, 0.478027, 0.0323383], 
              [0.125622, 0.851161, 0.0219731, 0.00124378], 
              [0.384743, 0.457297, 0.125622, 0.0323383], 
              [0.177446, 0.446932, 0.332918, 0.0427035], 
              [0.218905, 0.726783, 0.011609, 0.0427035]
            ]
          }, {
            "db": 0,
            "id": "12_motif_3",
            "len": 15,
            "nsites": 20,
            "pwm": [
              [0.706053, 0.00124378, 0.25, 0.0427035], 
              [0.706053, 0.00124378, 0.25, 0.0427035], 
              [0.00124378, 0.788972, 0.00124378, 0.20854], 
              [0.00124378, 0.0841622, 0.00124378, 0.91335], 
              [0.0427035, 0.00124378, 0.125622, 0.830431], 
              [0.00124378, 0.00124378, 0.788972, 0.20854], 
              [0.996269, 0.00124378, 0.00124378, 0.00124378], 
              [0.0841622, 0.664594, 0.00124378, 0.25], 
              [0.954809, 0.00124378, 0.00124378, 0.0427035], 
              [0.00124378, 0.747512, 0.25, 0.00124378], 
              [0.0841622, 0.871891, 0.00124378, 0.0427035], 
              [0.00124378, 0.996269, 0.00124378, 0.00124378], 
              [0.996269, 0.00124378, 0.00124378, 0.00124378], 
              [0.706053, 0.00124378, 0.25, 0.0427035], 
              [0.00124378, 0.996269, 0.00124378, 0.00124378]
            ]
          }, {
            "db": 0,
            "id": "13_motif_1",
            "len": 16,
            "nsites": 20,
            "pwm": [
              [0.00124378, 0.0395144, 0.00124378, 0.957998], 
              [0.00124378, 0.00124378, 0.996269, 0.00124378], 
              [0.00124378, 0.345676, 0.651837, 0.00124378], 
              [0.0395144, 0.00124378, 0.957998, 0.00124378], 
              [0.996269, 0.00124378, 0.00124378, 0.00124378], 
              [0.00124378, 0.957998, 0.00124378, 0.0395144], 
              [0.00124378, 0.996269, 0.00124378, 0.00124378], 
              [0.230865, 0.00124378, 0.766648, 0.00124378], 
              [0.116055, 0.00124378, 0.00124378, 0.881458], 
              [0.00124378, 0.00124378, 0.996269, 0.00124378], 
              [0.00124378, 0.00124378, 0.996269, 0.00124378], 
              [0.00124378, 0.00124378, 0.00124378, 0.996269], 
              [0.00124378, 0.996269, 0.00124378, 0.00124378], 
              [0.116055, 0.498756, 0.345676, 0.0395144], 
              [0.00124378, 0.996269, 0.00124378, 0.00124378], 
              [0.996269, 0.00124378, 0.00124378, 0.00124378]
            ]
          }, {
            "db": 0,
            "id": "13_motif_2",
            "len": 15,
            "nsites": 20,
            "pwm": [
              [0.431783, 0.517892, 0.00124378, 0.0490816], 
              [0.871891, 0.00124378, 0.0969194, 0.0299463], 
              [0.240433, 0.527459, 0.00124378, 0.230865], 
              [0.527459, 0.116055, 0.192595, 0.163893], 
              [0.967566, 0.0108109, 0.0203791, 0.00124378], 
              [0.71881, 0.0490816, 0.0395144, 0.192595], 
              [0.967566, 0.00124378, 0.0299463, 0.00124378], 
              [0.957998, 0.0395144, 0.00124378, 0.00124378], 
              [0.919728, 0.0682169, 0.0108109, 0.00124378], 
              [0.584864, 0.240433, 0.17346, 0.00124378], 
              [0.0395144, 0.527459, 0.403081, 0.0299463], 
              [0.106487, 0.891026, 0.00124378, 0.00124378], 
              [0.355243, 0.498756, 0.135189, 0.0108109], 
              [0.154324, 0.460486, 0.345676, 0.0395144], 
              [0.211729, 0.709242, 0.0299463, 0.0490816]
            ]
          }, {
            "db": 0,
            "id": "13_motif_3",
            "len": 15,
            "nsites": 20,
            "pwm": [
              [0.728377, 0.00124378, 0.230865, 0.0395144], 
              [0.728377, 0.00124378, 0.230865, 0.0395144], 
              [0.00124378, 0.804917, 0.00124378, 0.192595], 
              [0.00124378, 0.154324, 0.00124378, 0.843188], 
              [0.0395144, 0.00124378, 0.116055, 0.843188], 
              [0.00124378, 0.00124378, 0.804917, 0.192595], 
              [0.996269, 0.00124378, 0.00124378, 0.00124378], 
              [0.154324, 0.613567, 0.00124378, 0.230865], 
              [0.881458, 0.0777841, 0.00124378, 0.0395144], 
              [0.00124378, 0.766648, 0.230865, 0.00124378], 
              [0.0777841, 0.881458, 0.00124378, 0.0395144], 
              [0.00124378, 0.996269, 0.00124378, 0.00124378], 
              [0.996269, 0.00124378, 0.00124378, 0.00124378], 
              [0.651837, 0.00124378, 0.230865, 0.116055], 
              [0.00124378, 0.996269, 0.00124378, 0.00124378]
            ]
          }, {
            "db": 0,
            "id": "14_motif_1",
            "len": 16,
            "nsites": 20,
            "pwm": [
              [0.0367801, 0.00124378, 0.00124378, 0.960732], 
              [0.0367801, 0.00124378, 0.960732, 0.00124378], 
              [0.0367801, 0.321074, 0.534293, 0.107854], 
              [0.00124378, 0.00124378, 0.996269, 0.00124378], 
              [0.925195, 0.0723174, 0.00124378, 0.00124378], 
              [0.00124378, 0.996269, 0.00124378, 0.00124378], 
              [0.0367801, 0.960732, 0.00124378, 0.00124378], 
              [0.889659, 0.00124378, 0.00124378, 0.107854], 
              [0.00124378, 0.783049, 0.00124378, 0.214464], 
              [0.0367801, 0.00124378, 0.960732, 0.00124378], 
              [0.0367801, 0.00124378, 0.960732, 0.00124378], 
              [0.00124378, 0.0367801, 0.0367801, 0.925195], 
              [0.00124378, 0.960732, 0.00124378, 0.0367801], 
              [0.00124378, 0.640902, 0.35661, 0.00124378], 
              [0.00124378, 0.996269, 0.00124378, 0.00124378], 
              [0.960732, 0.00124378, 0.0367801, 0.00124378]
            ]
          }, {
            "db": 0,
            "id": "14_motif_2",
            "len": 15,
            "nsites": 20,
            "pwm": [
              [0.435437, 0.516848, 0.00124378, 0.0464726], 
              [0.869629, 0.00124378, 0.0917005, 0.0374269], 
              [0.263568, 0.498756, 0.00124378, 0.236432], 
              [0.516848, 0.127884, 0.191203, 0.164066], 
              [0.969131, 0.0102896, 0.0193353, 0.00124378], 
              [0.697761, 0.073609, 0.0374269, 0.191203], 
              [0.941995, 0.00124378, 0.0555174, 0.00124378], 
              [0.960086, 0.0374269, 0.00124378, 0.00124378], 
              [0.923903, 0.0645632, 0.0102896, 0.00124378], 
              [0.607304, 0.227386, 0.164066, 0.00124378], 
              [0.0374269, 0.516848, 0.417345, 0.0283811], 
              [0.109792, 0.88772, 0.00124378, 0.00124378], 
              [0.372116, 0.480665, 0.136929, 0.0102896], 
              [0.145975, 0.453527, 0.363071, 0.0374269], 
              [0.21834, 0.697761, 0.0374269, 0.0464726]
            ]
          }, {
            "db": 0,
            "id": "14_motif_3",
            "len": 15,
            "nsites": 20,
            "pwm": [
              [0.747512, 0.00124378, 0.214464, 0.0367801], 
              [0.711976, 0.0367801, 0.214464, 0.0367801], 
              [0.00124378, 0.818586, 0.00124378, 0.178926], 
              [0.00124378, 0.14339, 0.00124378, 0.854122], 
              [0.0367801, 0.00124378, 0.107854, 0.854122], 
              [0.00124378, 0.00124378, 0.747512, 0.25], 
              [0.996269, 0.00124378, 0.00124378, 0.00124378], 
              [0.14339, 0.640902, 0.00124378, 0.214464], 
              [0.818586, 0.107854, 0.0367801, 0.0367801], 
              [0.00124378, 0.711976, 0.285536, 0.00124378], 
              [0.0723174, 0.889659, 0.00124378, 0.0367801], 
              [0.00124378, 0.996269, 0.00124378, 0.00124378], 
              [0.996269, 0.00124378, 0.00124378, 0.00124378], 
              [0.676439, 0.00124378, 0.214464, 0.107854], 
              [0.0367801, 0.960732, 0.00124378, 0.00124378]
            ]
          }, {
            "db": 0,
            "id": "15_motif_1",
            "len": 16,
            "nsites": 20,
            "pwm": [
              [0.00124378, 0.00124378, 0.0675791, 0.929933], 
              [0.00124378, 0.00124378, 0.996269, 0.00124378], 
              [0.00124378, 0.366087, 0.432421, 0.200249], 
              [0.00124378, 0.0344109, 0.963101, 0.00124378], 
              [0.996269, 0.00124378, 0.00124378, 0.00124378], 
              [0.00124378, 0.929933, 0.0675791, 0.00124378], 
              [0.0344109, 0.929933, 0.0344109, 0.00124378], 
              [0.830431, 0.0344109, 0.00124378, 0.133913], 
              [0.00124378, 0.764097, 0.00124378, 0.233416], 
              [0.00124378, 0.0675791, 0.929933, 0.00124378], 
              [0.0344109, 0.00124378, 0.963101, 0.00124378], 
              [0.00124378, 0.00124378, 0.00124378, 0.996269], 
              [0.0344109, 0.896766, 0.0675791, 0.00124378], 
              [0.00124378, 0.631426, 0.366087, 0.00124378], 
              [0.00124378, 0.996269, 0.00124378, 0.00124378], 
              [0.863599, 0.0675791, 0.0675791, 0.00124378]
            ]
          }, {
            "db": 0,
            "id": "15_motif_2",
            "len": 15,
            "nsites": 20,
            "pwm": [
              [0.444483, 0.507802, 0.00124378, 0.0464726], 
              [0.869629, 0.00124378, 0.0917005, 0.0374269], 
              [0.272614, 0.48971, 0.00124378, 0.236432], 
              [0.525894, 0.127884, 0.182157, 0.164066], 
              [0.969131, 0.0102896, 0.0193353, 0.00124378], 
              [0.688715, 0.0826547, 0.0374269, 0.191203], 
              [0.941995, 0.00124378, 0.0555174, 0.00124378], 
              [0.960086, 0.0374269, 0.00124378, 0.00124378], 
              [0.932949, 0.0555174, 0.0102896, 0.00124378], 
              [0.607304, 0.227386, 0.164066, 0.00124378], 
              [0.0374269, 0.516848, 0.417345, 0.0283811], 
              [0.109792, 0.88772, 0.00124378, 0.00124378], 
              [0.372116, 0.48971, 0.127884, 0.0102896], 
              [0.145975, 0.444483, 0.372116, 0.0374269], 
              [0.209295, 0.706807, 0.0374269, 0.0464726]
            ]
          }, {
            "db": 0,
            "id": "15_motif_3",
            "len": 16,
            "nsites": 20,
            "pwm": [
              [0.326889, 0.00124378, 0.00124378, 0.670624], 
              [0.0102896, 0.00124378, 0.00124378, 0.987223], 
              [0.543985, 0.00124378, 0.00124378, 0.453527], 
              [0.263568, 0.0102896, 0.00124378, 0.724899], 
              [0.200249, 0.0645632, 0.0193353, 0.715853], 
              [0.326889, 0.0645632, 0.0645632, 0.543985], 
              [0.263568, 0.227386, 0.209295, 0.299751], 
              [0.0193353, 0.145975, 0.0555174, 0.779172], 
              [0.227386, 0.28166, 0.182157, 0.308797], 
              [0.562076, 0.109792, 0.0464726, 0.28166], 
              [0.335934, 0.191203, 0.0555174, 0.417345], 
              [0.00124378, 0.145975, 0.00124378, 0.851537], 
              [0.127884, 0.0283811, 0.15502, 0.688715], 
              [0.236432, 0.00124378, 0.00124378, 0.761081], 
              [0.15502, 0.00124378, 0.00124378, 0.842493], 
              [0.200249, 0.00124378, 0.00124378, 0.797264]
            ]
          }, {
            "db": 0,
            "id": "16_motif_1",
            "len": 16,
            "nsites": 20,
            "pwm": [
              [0.00124378, 0.00124378, 0.0945274, 0.902985], 
              [0.00124378, 0.0323383, 0.965174, 0.00124378], 
              [0.00124378, 0.343284, 0.467662, 0.187811], 
              [0.0323383, 0.0323383, 0.93408, 0.00124378], 
              [0.965174, 0.0323383, 0.00124378, 0.00124378], 
              [0.00124378, 0.902985, 0.0634328, 0.0323383], 
              [0.0323383, 0.93408, 0.0323383, 0.00124378], 
              [0.809701, 0.0323383, 0.00124378, 0.156716], 
              [0.00124378, 0.747512, 0.00124378, 0.25], 
              [0.00124378, 0.0634328, 0.93408, 0.00124378], 
              [0.0323383, 0.00124378, 0.93408, 0.0323383], 
              [0.00124378, 0.00124378, 0.00124378, 0.996269], 
              [0.0323383, 0.871891, 0.0945274, 0.00124378], 
              [0.00124378, 0.59204, 0.405473, 0.00124378], 
              [0.00124378, 0.996269, 0.00124378, 0.00124378], 
              [0.809701, 0.125622, 0.0634328, 0.00124378]
            ]
          }, {
            "db": 0,
            "id": "16_motif_2",
            "len": 15,
            "nsites": 20,
            "pwm": [
              [0.482445, 0.474289, 0.00124378, 0.0420239], 
              [0.849462, 0.00124378, 0.0909592, 0.0583353], 
              [0.237766, 0.498756, 0.00124378, 0.262234], 
              [0.53138, 0.131739, 0.180675, 0.156207], 
              [0.971801, 0.0094, 0.0175552, 0.00124378], 
              [0.686343, 0.082803, 0.0583353, 0.172518], 
              [0.955489, 0.00124378, 0.0420239, 0.00124378], 
              [0.963645, 0.0338677, 0.00124378, 0.00124378], 
              [0.931021, 0.0583353, 0.0094, 0.00124378], 
              [0.596628, 0.221454, 0.180675, 0.00124378], 
              [0.0420239, 0.482445, 0.449821, 0.0257114], 
              [0.139895, 0.857618, 0.00124378, 0.00124378], 
              [0.343793, 0.457976, 0.164362, 0.0338677], 
              [0.148051, 0.482445, 0.335638, 0.0338677], 
              [0.213299, 0.686343, 0.0420239, 0.0583353]
            ]
          }, {
            "db": 0,
            "id": "16_motif_3",
            "len": 16,
            "nsites": 20,
            "pwm": [
              [0.304416, 0.00124378, 0.00124378, 0.693097], 
              [0.00901692, 0.00124378, 0.00124378, 0.988496], 
              [0.599813, 0.00124378, 0.00124378, 0.3977], 
              [0.296642, 0.00901692, 0.00124378, 0.693097], 
              [0.195584, 0.0867542, 0.016791, 0.700871], 
              [0.327736, 0.0323383, 0.016791, 0.623134], 
              [0.234453, 0.257773, 0.133395, 0.374378], 
              [0.125622, 0.133395, 0.0478856, 0.693097], 
              [0.226679, 0.265547, 0.141169, 0.366605], 
              [0.553172, 0.1023, 0.0789801, 0.265547], 
              [0.296642, 0.203358, 0.071206, 0.428794], 
              [0.00124378, 0.125622, 0.00124378, 0.871891], 
              [0.226679, 0.0323383, 0.117849, 0.623134], 
              [0.273321, 0.00124378, 0.00124378, 0.724191], 
              [0.141169, 0.00124378, 0.00124378, 0.856343], 
              [0.203358, 0.00124378, 0.00124378, 0.794154]
            ]
          }, {
            "db": 0,
            "id": "17_motif_1",
            "len": 16,
            "nsites": 20,
            "pwm": [
              [0.00124378, 0.00124378, 0.118305, 0.879207], 
              [0.00124378, 0.0305095, 0.967003, 0.00124378], 
              [0.00124378, 0.323163, 0.469491, 0.206101], 
              [0.0597751, 0.0305095, 0.908473, 0.00124378], 
              [0.967003, 0.0305095, 0.00124378, 0.00124378], 
              [0.00124378, 0.879207, 0.0890398, 0.0305095], 
              [0.0597751, 0.908473, 0.0305095, 0.00124378], 
              [0.820676, 0.0305095, 0.00124378, 0.147571], 
              [0.00124378, 0.762145, 0.00124378, 0.235367], 
              [0.00124378, 0.0597751, 0.937737, 0.00124378], 
              [0.0305095, 0.0305095, 0.908473, 0.0305095], 
              [0.00124378, 0.00124378, 0.00124378, 0.996269], 
              [0.0305095, 0.849941, 0.118305, 0.00124378], 
              [0.00124378, 0.586552, 0.41096, 0.00124378], 
              [0.00124378, 0.937737, 0.0597751, 0.00124378], 
              [0.820676, 0.118305, 0.0597751, 0.00124378]
            ]
          }, {
            "db": 0,
            "id": "17_motif_2",
            "len": 15,
            "nsites": 20,
            "pwm": [
              [0.4877, 0.472959, 0.00124378, 0.0380965], 
              [0.856228, 0.00124378, 0.0823194, 0.060208], 
              [0.237101, 0.4877, 0.00124378, 0.273954], 
              [0.531923, 0.141285, 0.170766, 0.156026], 
              [0.966786, 0.0159851, 0.0159851, 0.00124378], 
              [0.708817, 0.0823194, 0.0528378, 0.156026], 
              [0.929933, 0.00124378, 0.0675791, 0.00124378], 
              [0.966786, 0.0307264, 0.00124378, 0.00124378], 
              [0.922563, 0.0675791, 0.00861393, 0.00124378], 
              [0.613, 0.200249, 0.185507, 0.00124378], 
              [0.0454667, 0.458218, 0.472959, 0.0233552], 
              [0.156026, 0.804634, 0.0380965, 0.00124378], 
              [0.355031, 0.450848, 0.163396, 0.0307264], 
              [0.148655, 0.472959, 0.34766, 0.0307264], 
              [0.229731, 0.679334, 0.0454667, 0.0454667]
            ]
          }, {
            "db": 0,
            "id": "17_motif_3",
            "len": 16,
            "nsites": 20,
            "pwm": [
              [0.296066, 0.00124378, 0.00124378, 0.701447], 
              [0.00861393, 0.00124378, 0.00124378, 0.988899], 
              [0.583517, 0.00124378, 0.00124378, 0.413995], 
              [0.288696, 0.0159851, 0.00124378, 0.694076], 
              [0.200249, 0.0970607, 0.0159851, 0.686705], 
              [0.34029, 0.0307264, 0.00861393, 0.62037], 
              [0.207619, 0.296066, 0.141285, 0.355031], 
              [0.133913, 0.148655, 0.0528378, 0.664594], 
              [0.229731, 0.259213, 0.148655, 0.362401], 
              [0.517183, 0.126543, 0.0896905, 0.266584], 
              [0.318178, 0.200249, 0.0675791, 0.413995], 
              [0.00124378, 0.119173, 0.00124378, 0.878339], 
              [0.21499, 0.0454667, 0.0970607, 0.642482], 
              [0.266584, 0.00124378, 0.00124378, 0.730928], 
              [0.141285, 0.00124378, 0.00124378, 0.856228], 
              [0.185507, 0.00124378, 0.00124378, 0.812005]
            ]
          }, {
            "db": 0,
            "id": "18_motif_1",
            "len": 16,
            "nsites": 20,
            "pwm": [
              [0.550498, 0.383333, 0.0330846, 0.0330846], 
              [0.916667, 0.00920398, 0.0171642, 0.0569652], 
              [0.152488, 0.550498, 0.00124378, 0.295771], 
              [0.510697, 0.160448, 0.23209, 0.0967662], 
              [0.956468, 0.0251244, 0.0171642, 0.00124378], 
              [0.677861, 0.0728856, 0.0967662, 0.152488], 
              [0.988308, 0.00124378, 0.00920398, 0.00124378], 
              [0.956468, 0.0410448, 0.00124378, 0.00124378], 
              [0.948507, 0.049005, 0.00124378, 0.00124378], 
              [0.614179, 0.208209, 0.176368, 0.00124378], 
              [0.120647, 0.391294, 0.454975, 0.0330846], 
              [0.26393, 0.709701, 0.0251244, 0.00124378], 
              [0.295771, 0.454975, 0.200249, 0.049005], 
              [0.184328, 0.534577, 0.279851, 0.00124378], 
              [0.192289, 0.717662, 0.0251244, 0.0649254], 
              [0.359453, 0.279851, 0.216169, 0.144527]
            ]
          }, {
            "db": 0,
            "id": "18_motif_2",
            "len": 16,
            "nsites": 20,
            "pwm": [
              [0.00124378, 0.0565234, 0.111802, 0.830431], 
              [0.00124378, 0.0288836, 0.968629, 0.00124378], 
              [0.00124378, 0.30528, 0.471116, 0.22236], 
              [0.0565234, 0.0288836, 0.91335, 0.00124378], 
              [0.940989, 0.0565234, 0.00124378, 0.00124378], 
              [0.00124378, 0.858071, 0.111802, 0.0288836], 
              [0.0565234, 0.91335, 0.0288836, 0.00124378], 
              [0.830431, 0.0288836, 0.00124378, 0.139442], 
              [0.00124378, 0.719873, 0.00124378, 0.27764], 
              [0.00124378, 0.0565234, 0.940989, 0.00124378], 
              [0.0288836, 0.0565234, 0.88571, 0.0288836], 
              [0.00124378, 0.00124378, 0.00124378, 0.996269], 
              [0.0288836, 0.858071, 0.111802, 0.00124378], 
              [0.0288836, 0.554036, 0.415838, 0.00124378], 
              [0.0288836, 0.91335, 0.0565234, 0.00124378], 
              [0.802792, 0.139442, 0.0565234, 0.00124378]
            ]
          }, {
            "db": 0,
            "id": "18_motif_3",
            "len": 16,
            "nsites": 20,
            "pwm": [
              [0.293489, 0.00124378, 0.00124378, 0.704024], 
              [0.0151602, 0.00124378, 0.00124378, 0.982352], 
              [0.543985, 0.00124378, 0.00124378, 0.453527], 
              [0.258698, 0.0151602, 0.00124378, 0.724899], 
              [0.20999, 0.0777841, 0.00820199, 0.704024], 
              [0.32828, 0.042993, 0.042993, 0.585734], 
              [0.258698, 0.265656, 0.147366, 0.32828], 
              [0.119533, 0.189115, 0.0360348, 0.655316], 
              [0.223906, 0.251739, 0.182157, 0.342196], 
              [0.460486, 0.147366, 0.0638677, 0.32828], 
              [0.349154, 0.20999, 0.0569095, 0.383945], 
              [0.00124378, 0.112575, 0.00124378, 0.884937], 
              [0.20999, 0.0360348, 0.0777841, 0.676191], 
              [0.272614, 0.00124378, 0.00124378, 0.724899], 
              [0.140408, 0.00124378, 0.00124378, 0.857104], 
              [0.20999, 0.00820199, 0.00124378, 0.780564]
            ]
          }, {
            "db": 0,
            "id": "19_motif_1",
            "len": 16,
            "nsites": 20,
            "pwm": [
              [0.551522, 0.385686, 0.031396, 0.031396], 
