MEME version 4

ALPHABET= ACGT

strands: + -

Background letter frequencies
A 0.25 C 0.25 G 0.25 T 0.25

MOTIF 26_motif_1
letter-probability matrix: alength= 4 w= 15 nsites= 20 E= 0
0.019231 0.000000 0.951923 0.028846
0.028846 0.562500 0.408654 0.000000
0.091346 0.394231 0.317308 0.197115
0.033654 0.000000 0.923077 0.043269
0.000000 0.125000 0.875000 0.000000
0.009615 0.408654 0.355769 0.225962
0.052885 0.149038 0.000000 0.798077
0.000000 0.000000 0.000000 1.000000
0.000000 0.000000 0.000000 1.000000
0.000000 0.000000 0.000000 1.000000
0.000000 0.192308 0.024038 0.783654
0.000000 0.024038 0.000000 0.975962
0.567308 0.000000 0.081731 0.350962
0.134615 0.009615 0.000000 0.855769
0.048077 0.038462 0.317308 0.596154

MOTIF 1_motif_1
letter-probability matrix: alength= 4 w= 13 nsites= 20 E= 0
1.000 0.000 0.000 0.000
0.125 0.000 0.000 0.875
0.000 1.000 0.000 0.000
0.750 0.125 0.125 0.000
0.000 1.000 0.000 0.000
0.000 1.000 0.000 0.000
0.000 0.000 1.000 0.000
0.000 0.750 0.250 0.000
0.375 0.375 0.250 0.000
0.750 0.125 0.125 0.000
0.250 0.000 0.750 0.000
0.250 0.000 0.250 0.500
0.000 0.000 1.000 0.000

MOTIF 82_motif_3
letter-probability matrix: alength= 4 w= 16 nsites= 20 E= 0
0.664835 0.131868 0.000000 0.203297
0.291209 0.000000 0.554945 0.153846
0.626374 0.000000 0.000000 0.373626
0.230769 0.000000 0.000000 0.769231
0.120879 0.000000 0.000000 0.879121
0.000000 0.000000 0.000000 1.000000
0.049451 0.758242 0.071429 0.120879
0.313187 0.653846 0.032967 0.000000
0.736264 0.000000 0.076923 0.186813
0.895604 0.000000 0.104396 0.000000
0.219780 0.000000 0.000000 0.780220
0.956044 0.000000 0.000000 0.043956
0.505495 0.093407 0.269231 0.131868
0.131868 0.000000 0.000000 0.868132
0.000000 0.538462 0.175824 0.285714
0.972527 0.000000 0.000000 0.027473

